2 0.3609375 0.91640625 0.04296875 0.01484375
2 0.6703125 0.9203125 0.04453125 0.015625
0 0.009375 0.55234375 0.01875 0.025
2 0.3765625 0.5609375 0.03984375 0.0140625
2 0.67421875 0.55859375 0.040625 0.01328125
2 0.67578125 0.221875 0.040625 0.01484375
2 0.38671875 0.22109375 0.040625 0.0125
0 0.01875 0.21171875 0.03671875 0.02890625
8 0.01796875 0.78671875 0.0359375 0.025
8 0.0171875 0.81171875 0.034375 0.0265625
8 0.0140625 0.8625 0.028125 0.02578125
8 0.01484375 0.88828125 0.02890625 0.0265625
8 0.01328125 0.93828125 0.02578125 0.02890625
8 0.01171875 0.96484375 0.0234375 0.03125
8 0.09453125 0.78828125 0.0375 0.025
8 0.0921875 0.81328125 0.03828125 0.02578125
8 0.08984375 0.8640625 0.04375 0.02890625
8 0.0859375 0.8890625 0.03984375 0.0265625
8 0.084375 0.93984375 0.03984375 0.028125
8 0.0828125 0.965625 0.04140625 0.0265625
8 0.171875 0.78828125 0.03828125 0.025
8 0.1703125 0.81328125 0.04140625 0.0265625
8 0.16796875 0.8640625 0.0375 0.028125
8 0.1640625 0.88828125 0.03984375 0.0265625
8 0.16328125 0.9390625 0.03828125 0.02890625
8 0.1625 0.96796875 0.0390625 0.02890625
8 0.25078125 0.7890625 0.03515625 0.0265625
8 0.2484375 0.8140625 0.03984375 0.0265625
8 0.24609375 0.8640625 0.0359375 0.028125
8 0.2453125 0.890625 0.03828125 0.0265625
8 0.2421875 0.940625 0.03828125 0.02890625
8 0.24140625 0.96796875 0.0375 0.03046875
8 0.3265625 0.7890625 0.03671875 0.02578125
8 0.32578125 0.8140625 0.0359375 0.025
8 0.325 0.8640625 0.034375 0.02734375
8 0.3234375 0.88984375 0.03515625 0.028125
8 0.32109375 0.940625 0.03515625 0.02734375
8 0.31953125 0.96796875 0.03671875 0.028125
8 0.4046875 0.7890625 0.0328125 0.025
8 0.403125 0.815625 0.03515625 0.02578125
8 0.40234375 0.865625 0.03203125 0.0265625
8 0.40078125 0.8890625 0.0359375 0.0265625
8 0.39921875 0.940625 0.03515625 0.0265625
8 0.39921875 0.96875 0.0328125 0.02890625
8 0.48203125 0.790625 0.0328125 0.02421875
8 0.4796875 0.8140625 0.03359375 0.0265625
8 0.4796875 0.865625 0.03203125 0.025
8 0.47890625 0.890625 0.0328125 0.02734375
8 0.47734375 0.9421875 0.03203125 0.02734375
8 0.47890625 0.96953125 0.03203125 0.02734375
8 0.5578125 0.79140625 0.0328125 0.0265625
8 0.5578125 0.81640625 0.03203125 0.02421875
8 0.55625 0.86640625 0.03203125 0.0265625
8 0.55703125 0.8921875 0.0328125 0.025
8 0.55625 0.94296875 0.0328125 0.03046875
8 0.55546875 0.96953125 0.0328125 0.028125
8 0.63515625 0.79296875 0.034375 0.02578125
8 0.634375 0.8171875 0.03203125 0.02421875
8 0.63515625 0.86796875 0.03359375 0.0265625
8 0.634375 0.89296875 0.03359375 0.0265625
8 0.634375 0.94375 0.0328125 0.02734375
8 0.63515625 0.9703125 0.03359375 0.02734375
8 0.7125 0.79375 0.03359375 0.0265625
8 0.7125 0.81796875 0.03671875 0.02578125
8 0.71328125 0.86796875 0.03515625 0.02734375
8 0.7125 0.89375 0.0359375 0.0265625
8 0.71328125 0.9453125 0.03671875 0.02890625
8 0.71328125 0.971875 0.03671875 0.0265625
8 0.78828125 0.79375 0.0359375 0.025
8 0.78984375 0.81875 0.0375 0.02578125
8 0.7921875 0.87109375 0.0359375 0.0265625
8 0.790625 0.89609375 0.0390625 0.028125
8 0.79296875 0.94609375 0.03828125 0.028125
8 0.7921875 0.97265625 0.03984375 0.02734375
8 0.86875 0.796875 0.0359375 0.0265625
8 0.86796875 0.82109375 0.040625 0.02734375
8 0.86875 0.87109375 0.03984375 0.028125
8 0.87109375 0.89765625 0.0375 0.02890625
8 0.87109375 0.94765625 0.0359375 0.0296875
8 0.8703125 0.975 0.04140625 0.028125
8 0.946875 0.7984375 0.03984375 0.02734375
8 0.9484375 0.8234375 0.0421875 0.02890625
8 0.94921875 0.8734375 0.040625 0.0265625
8 0.9484375 0.89921875 0.04296875 0.0265625
8 0.9515625 0.95 0.03984375 0.0296875
8 0.9515625 0.9765625 0.040625 0.02890625
8 0.9453125 0.65859375 0.03984375 0.02578125
8 0.94609375 0.684375 0.040625 0.025
8 0.8671875 0.65703125 0.03984375 0.0234375
8 0.86875 0.68203125 0.03828125 0.025
8 0.790625 0.65625 0.03671875 0.02421875
8 0.79140625 0.68125 0.0375 0.0234375
8 0.7140625 0.65546875 0.03359375 0.025
8 0.7140625 0.6796875 0.0359375 0.02421875
8 0.6375 0.6546875 0.03203125 0.0234375
8 0.63671875 0.678125 0.03203125 0.02421875
8 0.5609375 0.65390625 0.03203125 0.0234375
8 0.5609375 0.67734375 0.03203125 0.02265625
8 0.4859375 0.65234375 0.0328125 0.025
8 0.4859375 0.67734375 0.03203125 0.0234375
8 0.4109375 0.653125 0.03125 0.0234375
8 0.409375 0.675 0.03515625 0.02421875
8 0.33359375 0.6515625 0.03359375 0.0234375
8 0.33359375 0.675 0.0328125 0.02578125
8 0.25859375 0.65078125 0.034375 0.0234375
8 0.25625 0.675 0.0375 0.02421875
8 0.18125 0.65078125 0.0359375 0.02421875
8 0.1796875 0.67421875 0.0375 0.02421875
8 0.1046875 0.64921875 0.03671875 0.02265625
8 0.103125 0.67265625 0.0375 0.02421875
8 0.02578125 0.64921875 0.03984375 0.02421875
8 0.02578125 0.6734375 0.0390625 0.025
8 0.03203125 0.578125 0.03984375 0.021875
8 0.03046875 0.6015625 0.03984375 0.0234375
8 0.1078125 0.578125 0.0375 0.021875
8 0.10625 0.60234375 0.0375 0.0234375
8 0.18515625 0.57890625 0.0359375 0.0234375
8 0.1828125 0.60234375 0.0375 0.0234375
8 0.26015625 0.5796875 0.034375 0.02265625
8 0.2578125 0.603125 0.03515625 0.02265625
2 0.3765625 0.5609375 0.04296875 0.01796875
8 0.3359375 0.58046875 0.03359375 0.0234375
8 0.33671875 0.60390625 0.03203125 0.0203125
8 0.41171875 0.58203125 0.03046875 0.02265625
8 0.41015625 0.60546875 0.03359375 0.02265625
8 0.4875 0.60546875 0.0328125 0.0234375
8 0.48828125 0.58203125 0.03203125 0.02265625
8 0.56328125 0.58203125 0.03203125 0.02421875
8 0.5609375 0.60703125 0.0328125 0.025
8 0.6390625 0.5828125 0.0328125 0.02421875
8 0.6375 0.6078125 0.03359375 0.0234375
8 0.71328125 0.584375 0.0359375 0.02421875
8 0.71328125 0.60859375 0.0359375 0.0234375
8 0.790625 0.58515625 0.03515625 0.0234375
8 0.790625 0.60859375 0.0375 0.0234375
8 0.86640625 0.58671875 0.03984375 0.02421875
8 0.86640625 0.6109375 0.0375 0.0234375
8 0.9421875 0.58671875 0.03984375 0.025
8 0.94296875 0.6109375 0.04140625 0.025
8 0.94296875 0.51640625 0.03984375 0.02421875
8 0.9421875 0.53984375 0.03828125 0.02421875
8 0.865625 0.515625 0.0375 0.02265625
8 0.86484375 0.5390625 0.0375 0.02421875
8 0.7890625 0.5140625 0.03671875 0.02421875
8 0.7890625 0.53828125 0.03984375 0.02265625
8 0.71328125 0.5140625 0.03359375 0.025
8 0.71171875 0.5375 0.0375 0.0234375
8 0.63828125 0.51328125 0.03359375 0.0234375
8 0.6375 0.53671875 0.03515625 0.02421875
8 0.56328125 0.5125 0.03203125 0.0234375
8 0.5625 0.5359375 0.03203125 0.0234375
8 0.48828125 0.51171875 0.0328125 0.0234375
8 0.48984375 0.53515625 0.03125 0.02421875
8 0.4140625 0.5109375 0.0328125 0.0234375
8 0.41328125 0.53515625 0.0328125 0.0234375
8 0.3390625 0.509375 0.03125 0.02421875
8 0.33828125 0.53359375 0.03515625 0.02578125
8 0.2625 0.509375 0.0359375 0.0234375
8 0.26171875 0.5328125 0.0375 0.0234375
8 0.1875 0.50859375 0.0375 0.025
8 0.18671875 0.5328125 0.0390625 0.025
8 0.11171875 0.50703125 0.03984375 0.02421875
8 0.11015625 0.53046875 0.03828125 0.025
8 0.034375 0.50703125 0.0390625 0.0234375
8 0.0328125 0.53046875 0.0421875 0.025
8 0.0375 0.46015625 0.040625 0.025
8 0.03984375 0.4359375 0.03984375 0.02578125
8 0.11640625 0.43671875 0.0390625 0.02421875
8 0.11484375 0.4609375 0.040625 0.025
8 0.190625 0.4375 0.0359375 0.025
8 0.18984375 0.4609375 0.03828125 0.0234375
8 0.265625 0.4390625 0.034375 0.02421875
8 0.2640625 0.4625 0.03515625 0.02421875
8 0.340625 0.440625 0.03359375 0.02578125
8 0.33984375 0.46328125 0.0359375 0.02421875
8 0.415625 0.440625 0.0328125 0.02421875
8 0.41484375 0.46328125 0.03359375 0.02421875
8 0.48984375 0.44140625 0.0328125 0.02421875
8 0.4890625 0.465625 0.0328125 0.02421875
8 0.5640625 0.4421875 0.03203125 0.02421875
8 0.56328125 0.465625 0.03203125 0.0234375
8 0.63984375 0.44296875 0.0328125 0.0234375
8 0.63828125 0.46796875 0.03359375 0.02578125
8 0.71328125 0.44453125 0.03359375 0.025
8 0.71328125 0.4671875 0.03359375 0.02578125
8 0.790625 0.44375 0.03515625 0.02578125
8 0.7890625 0.46875 0.03515625 0.02578125
8 0.8640625 0.46875 0.0375 0.02578125
8 0.865625 0.44453125 0.03671875 0.02421875
8 0.9421875 0.446875 0.04140625 0.025
8 0.940625 0.46953125 0.04140625 0.0265625
8 0.93984375 0.3125 0.03984375 0.02734375
8 0.9390625 0.3375 0.040625 0.025
8 0.86328125 0.33671875 0.03828125 0.02734375
8 0.86328125 0.3140625 0.0359375 0.02578125
8 0.7890625 0.33671875 0.03515625 0.028125
8 0.790625 0.31328125 0.03515625 0.02578125
8 0.7140625 0.3359375 0.0328125 0.02578125
8 0.715625 0.31328125 0.0328125 0.02734375
8 0.64140625 0.31171875 0.0328125 0.02578125
8 0.6390625 0.33671875 0.03359375 0.02578125
8 0.565625 0.334375 0.0328125 0.02578125
8 0.5671875 0.3125 0.0328125 0.0265625
8 0.4921875 0.33359375 0.03515625 0.0265625
8 0.4921875 0.31015625 0.03203125 0.02734375
8 0.41875 0.3328125 0.03203125 0.0265625
8 0.41953125 0.31015625 0.0328125 0.02734375
8 0.34375 0.33125 0.03515625 0.025
8 0.3453125 0.30859375 0.0328125 0.025
8 0.271875 0.33203125 0.03515625 0.0265625
8 0.271875 0.3078125 0.03359375 0.028125
8 0.1953125 0.33046875 0.0359375 0.0265625
8 0.196875 0.3078125 0.03515625 0.02734375
8 0.12109375 0.30625 0.0359375 0.0265625
8 0.11953125 0.32890625 0.040625 0.0265625
8 0.04453125 0.328125 0.03828125 0.0265625
8 0.04609375 0.3046875 0.03828125 0.02890625
8 0.04765625 0.25859375 0.040625 0.028125
8 0.04921875 0.23671875 0.03671875 0.02734375
8 0.1234375 0.26015625 0.03828125 0.02890625
8 0.1234375 0.23671875 0.0375 0.02734375
8 0.1984375 0.26171875 0.0359375 0.0265625
8 0.19765625 0.2375 0.03515625 0.02734375
8 0.27265625 0.26328125 0.03359375 0.028125
8 0.2734375 0.2390625 0.03515625 0.0265625
8 0.34609375 0.2640625 0.03125 0.028125
8 0.346875 0.240625 0.03203125 0.02734375
8 0.4203125 0.265625 0.03203125 0.028125
8 0.421875 0.24140625 0.03125 0.02734375
8 0.49453125 0.24140625 0.03046875 0.02578125
8 0.49375 0.26640625 0.0296875 0.02890625
8 0.56796875 0.24296875 0.03203125 0.028125
8 0.56796875 0.265625 0.03046875 0.02734375
8 0.63984375 0.2671875 0.03203125 0.028125
8 0.64140625 0.24375 0.03203125 0.02734375
8 0.715625 0.24375 0.0328125 0.02890625
8 0.71328125 0.26640625 0.0328125 0.02734375
8 0.78984375 0.24453125 0.03515625 0.02890625
8 0.78984375 0.26875 0.03515625 0.02890625
8 0.865625 0.26796875 0.0375 0.028125
8 0.86484375 0.24453125 0.03671875 0.02734375
8 0.93984375 0.26875 0.03984375 0.03046875
8 0.940625 0.24453125 0.03828125 0.0265625
8 0.93984375 0.2 0.03828125 0.02890625
8 0.940625 0.17578125 0.03671875 0.028125
8 0.8640625 0.2 0.0375 0.03046875
8 0.86484375 0.1765625 0.0375 0.03046875
8 0.7890625 0.1984375 0.0359375 0.0296875
8 0.7890625 0.1765625 0.0375 0.0296875
8 0.71484375 0.19921875 0.0359375 0.03046875
8 0.715625 0.175 0.03515625 0.02890625
8 0.64140625 0.1984375 0.03203125 0.02890625
8 0.64140625 0.175 0.0328125 0.02890625
8 0.56796875 0.19765625 0.03046875 0.0296875
8 0.56875 0.175 0.03203125 0.028125
8 0.49375 0.196875 0.03046875 0.02890625
8 0.4953125 0.17265625 0.03046875 0.02890625
8 0.42109375 0.19609375 0.0328125 0.02890625
8 0.42265625 0.171875 0.0296875 0.0265625
8 0.3484375 0.1953125 0.034375 0.03046875
8 0.34765625 0.17109375 0.03359375 0.02734375
8 0.27265625 0.19453125 0.03515625 0.02890625
8 0.275 0.16953125 0.03203125 0.02734375
8 0.19921875 0.19375 0.03671875 0.02890625
8 0.2015625 0.1703125 0.03515625 0.03046875
8 0.125 0.1921875 0.0375 0.0296875
8 0.1265625 0.16953125 0.03515625 0.02890625
8 0.05 0.19140625 0.040625 0.0296875
8 0.05 0.16796875 0.03515625 0.02890625
8 0.05390625 0.12265625 0.040625 0.03125
8 0.0546875 0.1 0.0359375 0.0296875
8 0.12734375 0.12421875 0.0375 0.03046875
8 0.128125 0.1015625 0.0375 0.03125
8 0.2015625 0.125 0.03359375 0.02890625
8 0.2015625 0.1015625 0.034375 0.02890625
8 0.27578125 0.12578125 0.0328125 0.0296875
8 0.2765625 0.1015625 0.03359375 0.03046875
8 0.34921875 0.12734375 0.0328125 0.0296875
8 0.35 0.103125 0.0328125 0.0265625
8 0.4234375 0.128125 0.03203125 0.028125
8 0.4234375 0.10390625 0.0328125 0.02734375
8 0.49609375 0.1296875 0.0296875 0.02890625
8 0.496875 0.10546875 0.02890625 0.02890625
8 0.56875 0.1296875 0.03125 0.02890625
8 0.5703125 0.10625 0.028125 0.02890625
8 0.64296875 0.13046875 0.03125 0.0296875
8 0.64375 0.10703125 0.03125 0.0296875
8 0.71640625 0.13046875 0.0328125 0.0296875
8 0.7171875 0.10625 0.03359375 0.02890625
8 0.790625 0.13125 0.0375 0.0296875
8 0.79140625 0.10703125 0.0359375 0.0296875
8 0.8640625 0.13046875 0.0359375 0.03046875
8 0.86484375 0.10703125 0.03671875 0.0296875
8 0.9390625 0.13125 0.040625 0.03203125
8 0.9390625 0.1078125 0.0359375 0.02890625