2 0.3578125 0.0765625 0.04375 0.015625
2 0.6703125 0.07265625 0.046875 0.015625
0 0.00546875 0.4453125 0.0109375 0.025
2 0.3734375 0.4359375 0.040625 0.015625
2 0.67421875 0.43828125 0.040625 0.0140625
2 0.67578125 0.77890625 0.0421875 0.0140625
2 0.38359375 0.7796875 0.040625 0.0125
0 0.01484375 0.78984375 0.0296875 0.0296875
8 0.0140625 0.2078125 0.028125 0.025
8 0.0140625 0.18125 0.028125 0.028125
8 0.0109375 0.13125 0.021875 0.025
8 0.0109375 0.1046875 0.021875 0.028125
8 0.009375 0.05390625 0.01875 0.0296875
8 0.0078125 0.028125 0.015625 0.03125
8 0.08828125 0.20625 0.0375 0.025
8 0.08515625 0.18046875 0.0390625 0.0265625
8 0.08359375 0.1296875 0.04375 0.028125
8 0.07890625 0.10390625 0.040625 0.0265625
8 0.078125 0.053125 0.040625 0.028125
8 0.07578125 0.02734375 0.0421875 0.0265625
8 0.16640625 0.20625 0.0390625 0.025
8 0.16484375 0.18125 0.0421875 0.025
8 0.1625 0.12890625 0.0375 0.028125
8 0.15859375 0.10546875 0.0390625 0.0265625
8 0.1578125 0.053125 0.040625 0.03125
8 0.15703125 0.02421875 0.0390625 0.0296875
8 0.24609375 0.20546875 0.0359375 0.0265625
8 0.24375 0.18046875 0.040625 0.0265625
8 0.24140625 0.1296875 0.0359375 0.028125
8 0.240625 0.10234375 0.0375 0.0265625
8 0.2375 0.0515625 0.0375 0.028125
8 0.23671875 0.02421875 0.0390625 0.0296875
8 0.32265625 0.20546875 0.0375 0.0265625
8 0.321875 0.18046875 0.0375 0.025
8 0.32109375 0.1296875 0.0359375 0.028125
8 0.31953125 0.103125 0.0359375 0.028125
8 0.3171875 0.05234375 0.034375 0.028125
8 0.315625 0.02421875 0.0375 0.0296875
8 0.4015625 0.20546875 0.034375 0.025
8 0.40078125 0.17890625 0.0359375 0.0265625
8 0.39921875 0.128125 0.0328125 0.025
8 0.39765625 0.10390625 0.0359375 0.0265625
8 0.39609375 0.0515625 0.0359375 0.028125
8 0.39609375 0.0234375 0.0328125 0.028125
8 0.4796875 0.20390625 0.034375 0.0234375
8 0.47734375 0.1796875 0.034375 0.028125
8 0.47734375 0.128125 0.0328125 0.025
8 0.4765625 0.10234375 0.034375 0.0265625
8 0.475 0.05 0.03125 0.028125
8 0.4765625 0.02265625 0.034375 0.0265625
8 0.55625 0.203125 0.034375 0.025
8 0.55625 0.17734375 0.03125 0.025
8 0.55546875 0.12734375 0.0328125 0.0265625
8 0.55546875 0.10078125 0.0328125 0.0265625
8 0.5546875 0.04921875 0.034375 0.0296875
8 0.55390625 0.02265625 0.0328125 0.0296875
8 0.63515625 0.2015625 0.0359375 0.025
8 0.634375 0.1765625 0.03125 0.025
8 0.634375 0.12578125 0.034375 0.0265625
8 0.63359375 0.10078125 0.034375 0.0265625
8 0.63359375 0.0484375 0.0328125 0.028125
8 0.634375 0.021875 0.034375 0.028125
8 0.7125 0.20078125 0.034375 0.0265625
8 0.7125 0.17578125 0.0375 0.0265625
8 0.71328125 0.125 0.0359375 0.028125
8 0.7125 0.09921875 0.0375 0.0265625
8 0.7140625 0.046875 0.0375 0.028125
8 0.71328125 0.0203125 0.0359375 0.028125
8 0.78984375 0.2 0.0359375 0.025
8 0.790625 0.175 0.0375 0.025
8 0.79296875 0.12265625 0.0359375 0.0265625
8 0.79140625 0.09765625 0.0390625 0.028125
8 0.79453125 0.04609375 0.0390625 0.0296875
8 0.79296875 0.01953125 0.0390625 0.0265625
8 0.87109375 0.19765625 0.0359375 0.0265625
8 0.86953125 0.1734375 0.040625 0.028125
8 0.87109375 0.121875 0.0390625 0.028125
8 0.8734375 0.0953125 0.0375 0.028125
8 0.8734375 0.0453125 0.034375 0.0296875
8 0.871875 0.0171875 0.040625 0.028125
8 0.95 0.19609375 0.040625 0.0265625
8 0.95078125 0.1703125 0.0421875 0.028125
8 0.95234375 0.11953125 0.0421875 0.0265625
8 0.9515625 0.09375 0.04375 0.025
8 0.9546875 0.04296875 0.040625 0.0296875
8 0.9546875 0.015625 0.040625 0.03125
8 0.9484375 0.33671875 0.040625 0.0265625
8 0.9484375 0.31171875 0.040625 0.025
8 0.86953125 0.3390625 0.0390625 0.0234375
8 0.8703125 0.31328125 0.0375 0.025
8 0.79140625 0.33984375 0.0375 0.0234375
8 0.79296875 0.3140625 0.0375 0.021875
8 0.7140625 0.340625 0.034375 0.025
8 0.7140625 0.315625 0.034375 0.025
8 0.63671875 0.340625 0.0328125 0.025
8 0.63671875 0.3171875 0.0328125 0.025
8 0.56015625 0.3421875 0.0328125 0.021875
8 0.559375 0.31796875 0.03125 0.0234375
8 0.48359375 0.34375 0.0328125 0.025
8 0.48359375 0.31875 0.0328125 0.025
8 0.4078125 0.34296875 0.03125 0.0234375
8 0.40625 0.3203125 0.034375 0.025
8 0.33046875 0.34453125 0.034375 0.0234375
8 0.3296875 0.3203125 0.034375 0.025
8 0.25390625 0.3453125 0.0359375 0.021875
8 0.2515625 0.32109375 0.0375 0.0234375
8 0.17578125 0.3453125 0.0359375 0.025
8 0.17421875 0.321875 0.0390625 0.025
8 0.0984375 0.34609375 0.0375 0.0234375
8 0.096875 0.32265625 0.0375 0.0234375
8 0.01953125 0.346875 0.0390625 0.025
8 0.01875 0.32265625 0.0375 0.0265625
8 0.025 0.41875 0.040625 0.021875
8 0.0234375 0.39453125 0.040625 0.0234375
8 0.10234375 0.41875 0.0375 0.021875
8 0.1 0.39453125 0.0375 0.0234375
8 0.1796875 0.41796875 0.0375 0.0234375
8 0.17734375 0.39375 0.0375 0.025
8 0.25546875 0.4171875 0.0359375 0.021875
8 0.25390625 0.39375 0.0359375 0.021875
2 0.3734375 0.4359375 0.04375 0.01875
8 0.3328125 0.41640625 0.034375 0.0234375
8 0.3328125 0.3921875 0.03125 0.021875
8 0.40859375 0.41484375 0.0296875 0.0234375
8 0.40703125 0.39140625 0.0328125 0.0234375
8 0.48515625 0.39140625 0.0328125 0.0234375
8 0.4859375 0.41484375 0.03125 0.0234375
8 0.56171875 0.41484375 0.0328125 0.0234375
8 0.559375 0.38984375 0.03125 0.025
8 0.63828125 0.4140625 0.0328125 0.025
8 0.6375 0.38828125 0.034375 0.0234375
8 0.71328125 0.4125 0.0359375 0.025
8 0.7140625 0.3875 0.034375 0.025
8 0.79140625 0.41171875 0.0359375 0.0234375
8 0.7921875 0.3875 0.0375 0.025
8 0.86796875 0.41015625 0.0390625 0.025
8 0.86875 0.38515625 0.0375 0.0234375
8 0.9453125 0.409375 0.040625 0.025
8 0.94609375 0.38515625 0.0421875 0.025
8 0.9453125 0.48125 0.040625 0.025
8 0.9453125 0.45703125 0.040625 0.0234375
8 0.8671875 0.48203125 0.0375 0.0234375
8 0.8671875 0.4578125 0.0375 0.025
8 0.78984375 0.4828125 0.0375 0.025
8 0.78984375 0.459375 0.0390625 0.021875
8 0.7140625 0.48359375 0.034375 0.025
8 0.7125 0.459375 0.0375 0.025
8 0.63828125 0.484375 0.0328125 0.025
8 0.63671875 0.4609375 0.0359375 0.025
8 0.56171875 0.48515625 0.0328125 0.0234375
8 0.5609375 0.4609375 0.03125 0.021875
8 0.48671875 0.48515625 0.0328125 0.0234375
8 0.4875 0.46171875 0.03125 0.0234375
8 0.4109375 0.48671875 0.034375 0.0234375
8 0.4109375 0.46171875 0.034375 0.0234375
8 0.33515625 0.4875 0.03125 0.025
8 0.334375 0.46328125 0.034375 0.0265625
8 0.2578125 0.48828125 0.034375 0.0234375
8 0.2578125 0.4640625 0.0375 0.021875
8 0.1828125 0.4890625 0.0375 0.025
8 0.18125 0.46484375 0.0375 0.025
8 0.10546875 0.48984375 0.0390625 0.0234375
8 0.10390625 0.46640625 0.0390625 0.025
8 0.028125 0.490625 0.0375 0.025
8 0.02578125 0.46640625 0.0421875 0.025
8 0.03046875 0.53828125 0.0421875 0.025
8 0.0328125 0.5625 0.040625 0.025
8 0.11015625 0.5609375 0.0390625 0.025
8 0.10859375 0.53671875 0.0421875 0.025
8 0.18515625 0.56015625 0.0359375 0.025
8 0.184375 0.53671875 0.0375 0.0234375
8 0.2609375 0.55859375 0.034375 0.025
8 0.259375 0.53515625 0.034375 0.0234375
8 0.3375 0.5578125 0.034375 0.025
8 0.3359375 0.534375 0.034375 0.025
8 0.4125 0.55703125 0.03125 0.0234375
8 0.41171875 0.534375 0.0328125 0.025
8 0.48828125 0.55703125 0.0328125 0.025
8 0.48671875 0.5328125 0.0328125 0.025
8 0.56328125 0.55625 0.0328125 0.025
8 0.56171875 0.53203125 0.0328125 0.0234375
8 0.6390625 0.5546875 0.034375 0.021875
8 0.6375 0.53046875 0.034375 0.0265625
8 0.71328125 0.55390625 0.034375 0.0265625
8 0.71328125 0.53046875 0.0328125 0.0265625
8 0.79140625 0.5546875 0.0359375 0.025
8 0.790625 0.5296875 0.034375 0.025
8 0.865625 0.52890625 0.0375 0.0265625
8 0.8671875 0.553125 0.0375 0.025
8 0.9453125 0.5515625 0.040625 0.025
8 0.94375 0.52890625 0.04375 0.0265625
8 0.94296875 0.68671875 0.0390625 0.0265625
8 0.9421875 0.66171875 0.040625 0.025
8 0.865625 0.6625 0.0375 0.028125
8 0.86484375 0.6859375 0.0359375 0.025
8 0.78984375 0.6625 0.0359375 0.028125
8 0.79140625 0.68671875 0.0359375 0.0265625
8 0.71484375 0.66328125 0.0328125 0.0265625
8 0.715625 0.6859375 0.034375 0.028125
8 0.640625 0.6875 0.034375 0.025
8 0.63828125 0.6625 0.0328125 0.025
8 0.56484375 0.66484375 0.0328125 0.0265625
8 0.565625 0.6875 0.03125 0.025
8 0.48984375 0.665625 0.0359375 0.025
8 0.490625 0.6890625 0.03125 0.028125
8 0.415625 0.66640625 0.03125 0.0265625
8 0.41640625 0.6890625 0.0328125 0.028125
8 0.33984375 0.66796875 0.0359375 0.0265625
8 0.34140625 0.690625 0.0328125 0.025
8 0.2671875 0.6671875 0.034375 0.028125
8 0.2671875 0.6921875 0.034375 0.028125
8 0.190625 0.66953125 0.0375 0.0265625
8 0.19140625 0.6921875 0.0359375 0.028125
8 0.11484375 0.69375 0.0359375 0.025
8 0.11328125 0.6703125 0.040625 0.028125
8 0.0375 0.67109375 0.0375 0.0265625
8 0.0390625 0.6953125 0.0375 0.028125
8 0.04140625 0.7421875 0.0421875 0.028125
8 0.0421875 0.7640625 0.0375 0.028125
8 0.1171875 0.73984375 0.0375 0.0296875
8 0.11796875 0.76328125 0.0375 0.0265625
8 0.19296875 0.73828125 0.0359375 0.0265625
8 0.19296875 0.7625 0.0359375 0.028125
8 0.26875 0.73671875 0.034375 0.028125
8 0.26875 0.7609375 0.0375 0.028125
8 0.34296875 0.7359375 0.03125 0.028125
8 0.34296875 0.76015625 0.0328125 0.0265625
8 0.4171875 0.734375 0.03125 0.028125
8 0.41953125 0.759375 0.03125 0.028125
8 0.4921875 0.75859375 0.03125 0.0265625
8 0.4921875 0.73359375 0.03125 0.0296875
8 0.56640625 0.75703125 0.0328125 0.028125
8 0.56640625 0.734375 0.03125 0.028125
8 0.6390625 0.7328125 0.03125 0.028125
8 0.64140625 0.75703125 0.0328125 0.0265625
8 0.71640625 0.75625 0.0328125 0.028125
8 0.7140625 0.73359375 0.034375 0.0265625
8 0.790625 0.75546875 0.034375 0.0296875
8 0.790625 0.73125 0.034375 0.028125
8 0.8671875 0.73203125 0.0375 0.028125
8 0.86640625 0.75546875 0.0359375 0.028125
8 0.9421875 0.73125 0.040625 0.03125
8 0.94375 0.75546875 0.0375 0.0265625
8 0.9421875 0.8015625 0.040625 0.028125
8 0.94296875 0.825 0.0375 0.028125
8 0.865625 0.80078125 0.0375 0.0296875
8 0.8671875 0.825 0.0375 0.03125
8 0.78984375 0.80234375 0.0359375 0.0296875
8 0.790625 0.825 0.0375 0.03125
8 0.71484375 0.8015625 0.0359375 0.03125
8 0.71640625 0.82578125 0.0359375 0.0296875
8 0.640625 0.80234375 0.03125 0.0296875
8 0.640625 0.82578125 0.034375 0.0296875
8 0.56640625 0.803125 0.0296875 0.03125
8 0.5671875 0.82578125 0.034375 0.0296875
8 0.49140625 0.80390625 0.0296875 0.0296875
8 0.49296875 0.828125 0.03125 0.028125
8 0.41796875 0.8046875 0.0328125 0.028125
8 0.41953125 0.8296875 0.0296875 0.028125
8 0.34453125 0.80625 0.0359375 0.03125
8 0.34453125 0.83046875 0.0328125 0.0265625
8 0.26875 0.80625 0.034375 0.028125
8 0.2703125 0.83125 0.03125 0.028125
8 0.19375 0.80703125 0.0375 0.0296875
8 0.19609375 0.83125 0.0359375 0.03125
8 0.11875 0.809375 0.0375 0.03125
8 0.1203125 0.83203125 0.034375 0.0296875
8 0.04296875 0.809375 0.0421875 0.03125
8 0.04375 0.83359375 0.0375 0.0296875
8 0.046875 0.87890625 0.040625 0.03125
8 0.04765625 0.90234375 0.0359375 0.0296875
8 0.12109375 0.87734375 0.0390625 0.03125
8 0.121875 0.90078125 0.0375 0.03125
8 0.19609375 0.8765625 0.034375 0.028125
8 0.196875 0.90078125 0.034375 0.0296875
8 0.27109375 0.87578125 0.0328125 0.0296875
8 0.271875 0.90078125 0.034375 0.0296875
8 0.3453125 0.87421875 0.034375 0.0296875
8 0.346875 0.89921875 0.03125 0.0265625
8 0.4203125 0.8734375 0.03125 0.028125
8 0.42109375 0.89765625 0.0328125 0.028125
8 0.49453125 0.871875 0.0296875 0.028125
8 0.49453125 0.896875 0.0296875 0.028125
8 0.56796875 0.871875 0.03125 0.03125
8 0.56875 0.89609375 0.028125 0.0296875
8 0.6421875 0.87109375 0.03125 0.0296875
8 0.64296875 0.8953125 0.03125 0.028125
8 0.71640625 0.87109375 0.0328125 0.0296875
8 0.7171875 0.8953125 0.034375 0.028125
8 0.79140625 0.8703125 0.0375 0.03125
8 0.7921875 0.89453125 0.0375 0.0296875
8 0.86640625 0.87109375 0.0359375 0.0296875
8 0.86640625 0.89453125 0.0359375 0.0296875
8 0.94140625 0.8703125 0.0421875 0.03125
8 0.9421875 0.89375 0.034375 0.03125