2 0.6390625 0.08359375 0.04375 0.0140625
2 0.3296875 0.0796875 0.04375 0.015625
0 0.990625 0.44765625 0.01875 0.025
2 0.6234375 0.4390625 0.040625 0.015625
2 0.32578125 0.44140625 0.040625 0.0140625
2 0.32421875 0.778125 0.040625 0.0125
2 0.61328125 0.77890625 0.040625 0.0109375
0 0.98125 0.78828125 0.0375 0.0296875
8 0.98203125 0.21328125 0.0359375 0.025
8 0.9828125 0.18828125 0.034375 0.0265625
8 0.9859375 0.1375 0.028125 0.025
8 0.98515625 0.11171875 0.0296875 0.0265625
8 0.98671875 0.06171875 0.0265625 0.0296875
8 0.98828125 0.03515625 0.0234375 0.03125
8 0.90546875 0.21171875 0.0375 0.025
8 0.9078125 0.18671875 0.0375 0.0265625
8 0.91015625 0.1359375 0.04375 0.028125
8 0.9140625 0.1109375 0.040625 0.028125
8 0.915625 0.06015625 0.040625 0.028125
8 0.9171875 0.034375 0.040625 0.025
8 0.828125 0.21171875 0.0375 0.025
8 0.8296875 0.18671875 0.040625 0.0265625
8 0.83203125 0.1359375 0.0375 0.028125
8 0.8359375 0.11171875 0.040625 0.0265625
8 0.83671875 0.0609375 0.0390625 0.028125
8 0.8375 0.03203125 0.0375 0.0296875
8 0.74921875 0.2109375 0.0359375 0.025
8 0.7515625 0.1859375 0.040625 0.028125
8 0.75390625 0.1359375 0.0359375 0.028125
8 0.7546875 0.109375 0.0375 0.025
8 0.7578125 0.059375 0.0375 0.028125
8 0.75859375 0.03203125 0.0375 0.0296875
8 0.6734375 0.2109375 0.0375 0.025
8 0.67421875 0.1859375 0.0359375 0.025
8 0.675 0.1359375 0.034375 0.028125
8 0.6765625 0.11015625 0.034375 0.028125
8 0.67890625 0.059375 0.0359375 0.028125
8 0.68046875 0.03203125 0.0359375 0.028125
8 0.5953125 0.2109375 0.034375 0.025
8 0.596875 0.184375 0.034375 0.025
8 0.59765625 0.134375 0.0328125 0.025
8 0.59921875 0.1109375 0.0359375 0.028125
8 0.60078125 0.059375 0.0359375 0.025
8 0.60078125 0.03125 0.0328125 0.028125
8 0.51796875 0.209375 0.0328125 0.025
8 0.5203125 0.1859375 0.034375 0.028125
8 0.5203125 0.134375 0.03125 0.025
8 0.52109375 0.109375 0.0328125 0.028125
8 0.52265625 0.0578125 0.0328125 0.028125
8 0.52109375 0.03046875 0.0328125 0.0265625
8 0.4421875 0.20859375 0.034375 0.0265625
8 0.4421875 0.18359375 0.03125 0.025
8 0.44375 0.13359375 0.03125 0.0265625
8 0.44296875 0.1078125 0.0328125 0.025
8 0.44375 0.05703125 0.03125 0.0296875
8 0.44453125 0.03046875 0.0328125 0.028125
8 0.36484375 0.20703125 0.034375 0.0265625
8 0.365625 0.1828125 0.03125 0.025
8 0.36484375 0.13203125 0.0328125 0.0265625
8 0.365625 0.10703125 0.034375 0.0265625
8 0.365625 0.05625 0.03125 0.028125
8 0.36484375 0.0296875 0.0328125 0.028125
8 0.2875 0.20625 0.034375 0.025
8 0.2875 0.18203125 0.0375 0.0265625
8 0.28671875 0.13203125 0.0359375 0.0265625
8 0.2875 0.10625 0.0375 0.025
8 0.28671875 0.0546875 0.0359375 0.028125
8 0.28671875 0.028125 0.0359375 0.025
8 0.21171875 0.20625 0.0359375 0.025
8 0.21015625 0.18125 0.0375 0.025
8 0.2078125 0.12890625 0.034375 0.0265625
8 0.209375 0.10390625 0.0375 0.028125
8 0.20703125 0.05390625 0.0390625 0.028125
8 0.2078125 0.02734375 0.040625 0.0265625
8 0.13125 0.203125 0.0375 0.025
8 0.13203125 0.17890625 0.040625 0.0265625
8 0.13125 0.12890625 0.040625 0.028125
8 0.12890625 0.10234375 0.0375 0.0296875
8 0.12890625 0.05234375 0.0359375 0.0296875
8 0.1296875 0.025 0.040625 0.028125
8 0.053125 0.2015625 0.040625 0.028125
8 0.0515625 0.1765625 0.0421875 0.028125
8 0.05078125 0.1265625 0.040625 0.028125
8 0.0515625 0.10078125 0.0421875 0.0265625
8 0.0484375 0.05 0.040625 0.03125
8 0.0484375 0.0234375 0.040625 0.028125
8 0.0546875 0.34140625 0.040625 0.0265625
8 0.05390625 0.315625 0.040625 0.025
8 0.1328125 0.34296875 0.040625 0.0234375
8 0.13125 0.31796875 0.0375 0.025
8 0.209375 0.34375 0.0375 0.025
8 0.20859375 0.31875 0.0375 0.025
8 0.2859375 0.34453125 0.034375 0.025
8 0.2859375 0.3203125 0.0359375 0.025
8 0.3625 0.3453125 0.03125 0.021875
8 0.36328125 0.321875 0.0328125 0.025
8 0.4390625 0.34609375 0.03125 0.0234375
8 0.4390625 0.32265625 0.03125 0.0234375
8 0.5140625 0.34765625 0.034375 0.025
8 0.5140625 0.32265625 0.03125 0.0234375
8 0.5890625 0.346875 0.03125 0.025
8 0.590625 0.325 0.034375 0.025
8 0.66640625 0.3484375 0.034375 0.021875
8 0.66640625 0.325 0.0328125 0.025
8 0.74140625 0.34921875 0.034375 0.0234375
8 0.74375 0.325 0.0375 0.025
8 0.81875 0.34921875 0.0375 0.025
8 0.8203125 0.32578125 0.0375 0.0234375
8 0.8953125 0.35078125 0.0375 0.0234375
8 0.896875 0.32734375 0.0375 0.0234375
8 0.97421875 0.35078125 0.0390625 0.0234375
8 0.97421875 0.3265625 0.0390625 0.025
8 0.96796875 0.421875 0.0390625 0.021875
8 0.96953125 0.3984375 0.0390625 0.021875
8 0.8921875 0.421875 0.0375 0.021875
8 0.89375 0.39765625 0.0375 0.0234375
8 0.81484375 0.42109375 0.0359375 0.0234375
8 0.8171875 0.39765625 0.0375 0.0234375
8 0.73984375 0.4203125 0.034375 0.021875
8 0.7421875 0.396875 0.034375 0.021875
2 0.6234375 0.4390625 0.04375 0.01875
8 0.6640625 0.41953125 0.034375 0.0234375
8 0.66328125 0.39609375 0.0328125 0.0203125
8 0.58828125 0.41796875 0.0296875 0.0234375
8 0.58984375 0.39453125 0.0328125 0.0234375
8 0.5125 0.39453125 0.03125 0.0234375
8 0.51171875 0.41796875 0.0328125 0.0234375
8 0.43671875 0.41796875 0.0328125 0.0234375
8 0.4390625 0.39296875 0.034375 0.025
8 0.3609375 0.4171875 0.034375 0.025
8 0.3625 0.3921875 0.034375 0.021875
8 0.28671875 0.415625 0.0359375 0.025
8 0.28671875 0.39140625 0.0359375 0.0234375
8 0.209375 0.41484375 0.034375 0.0234375
8 0.209375 0.39140625 0.0375 0.0234375
8 0.13359375 0.41328125 0.0390625 0.0234375
8 0.13359375 0.3890625 0.0375 0.0234375
8 0.0578125 0.41328125 0.040625 0.025
8 0.05703125 0.3890625 0.0421875 0.025
8 0.05703125 0.48359375 0.0390625 0.0234375
8 0.0578125 0.46015625 0.0375 0.0234375
8 0.134375 0.484375 0.0375 0.021875
8 0.13515625 0.4609375 0.0375 0.025
8 0.2109375 0.4859375 0.0375 0.025
8 0.2109375 0.46171875 0.040625 0.0234375
8 0.28671875 0.4859375 0.034375 0.025
8 0.28828125 0.4625 0.0375 0.025
8 0.36171875 0.48671875 0.0328125 0.0234375
8 0.3625 0.46328125 0.034375 0.0234375
8 0.43671875 0.4875 0.0328125 0.025
8 0.4375 0.4640625 0.03125 0.021875
8 0.51171875 0.48828125 0.0328125 0.0234375
8 0.51015625 0.46484375 0.03125 0.0234375
8 0.5859375 0.4890625 0.034375 0.021875
8 0.58671875 0.46484375 0.0328125 0.0234375
8 0.6609375 0.490625 0.03125 0.025
8 0.66171875 0.46640625 0.034375 0.0265625
8 0.7375 0.490625 0.0375 0.025
8 0.73828125 0.4671875 0.0375 0.021875
8 0.8125 0.49140625 0.0375 0.025
8 0.81328125 0.4671875 0.0390625 0.025
8 0.88828125 0.49296875 0.0390625 0.0234375
8 0.88984375 0.46953125 0.0390625 0.025
8 0.965625 0.49296875 0.0375 0.0234375
8 0.9671875 0.46953125 0.040625 0.025
8 0.9625 0.53984375 0.040625 0.025
8 0.96015625 0.5640625 0.0390625 0.025
8 0.88359375 0.56328125 0.0390625 0.0234375
8 0.88515625 0.5390625 0.040625 0.025
8 0.809375 0.5625 0.0375 0.025
8 0.81015625 0.5390625 0.0390625 0.021875
8 0.734375 0.5609375 0.034375 0.025
8 0.7359375 0.5375 0.034375 0.025
8 0.659375 0.559375 0.034375 0.025
8 0.66015625 0.53671875 0.0359375 0.0234375
8 0.584375 0.559375 0.03125 0.025
8 0.58515625 0.53671875 0.0328125 0.0234375
8 0.51015625 0.55859375 0.0328125 0.025
8 0.5109375 0.534375 0.034375 0.025
8 0.4359375 0.5578125 0.03125 0.025
8 0.43671875 0.534375 0.0328125 0.021875
8 0.36015625 0.55703125 0.0328125 0.0234375
8 0.36171875 0.53203125 0.0328125 0.0265625
8 0.28671875 0.55546875 0.0328125 0.025
8 0.28671875 0.5328125 0.0328125 0.025
8 0.209375 0.55625 0.034375 0.025
8 0.2109375 0.53125 0.034375 0.025
8 0.1359375 0.53125 0.0375 0.025
8 0.134375 0.55546875 0.0375 0.0234375
8 0.0578125 0.553125 0.040625 0.025
8 0.059375 0.53046875 0.040625 0.0265625
8 0.06015625 0.6875 0.0390625 0.028125
8 0.0609375 0.6625 0.040625 0.025
8 0.13671875 0.66328125 0.0390625 0.0265625
8 0.13671875 0.6859375 0.0359375 0.025
8 0.2109375 0.66328125 0.034375 0.028125
8 0.209375 0.68671875 0.034375 0.0265625
8 0.2859375 0.6640625 0.034375 0.025
8 0.284375 0.68671875 0.0328125 0.0265625
8 0.35859375 0.68828125 0.0328125 0.0265625
8 0.3609375 0.66328125 0.034375 0.0265625
8 0.434375 0.665625 0.03125 0.025
8 0.4328125 0.6875 0.034375 0.025
8 0.5078125 0.66640625 0.034375 0.0265625
8 0.5078125 0.68984375 0.03125 0.0265625
8 0.58125 0.6671875 0.03125 0.028125
8 0.58046875 0.68984375 0.0328125 0.0265625
8 0.65625 0.66875 0.034375 0.025
8 0.6546875 0.69140625 0.034375 0.025
8 0.728125 0.66796875 0.034375 0.0265625
8 0.728125 0.6921875 0.034375 0.028125
8 0.8046875 0.66953125 0.034375 0.0265625
8 0.803125 0.6921875 0.034375 0.028125
8 0.87890625 0.69375 0.0359375 0.0265625
8 0.88046875 0.67109375 0.040625 0.0265625
8 0.95546875 0.671875 0.0390625 0.025
8 0.95390625 0.6953125 0.0390625 0.028125
8 0.95234375 0.74140625 0.040625 0.028125
8 0.95078125 0.76328125 0.0359375 0.0265625
8 0.8765625 0.73984375 0.0375 0.028125
8 0.8765625 0.76328125 0.0375 0.0265625
8 0.8015625 0.73828125 0.034375 0.0265625
8 0.80234375 0.7625 0.0359375 0.028125
8 0.72734375 0.73671875 0.0328125 0.028125
8 0.7265625 0.7609375 0.034375 0.028125
8 0.65390625 0.7359375 0.03125 0.028125
8 0.653125 0.759375 0.03125 0.028125
8 0.5796875 0.734375 0.03125 0.028125
8 0.578125 0.75859375 0.03125 0.0265625
8 0.50546875 0.75859375 0.03125 0.0265625
8 0.50625 0.73359375 0.03125 0.0296875
8 0.43203125 0.75703125 0.0328125 0.028125
8 0.43203125 0.734375 0.03125 0.028125
8 0.36015625 0.7328125 0.0328125 0.028125
8 0.35859375 0.75625 0.0328125 0.028125
8 0.284375 0.75625 0.03125 0.028125
8 0.28671875 0.73359375 0.0328125 0.0265625
8 0.21015625 0.75546875 0.0359375 0.0296875
8 0.21015625 0.73125 0.0359375 0.028125
8 0.134375 0.73203125 0.0375 0.028125
8 0.13515625 0.75546875 0.0359375 0.0265625
8 0.06015625 0.73125 0.0390625 0.03125
8 0.059375 0.75546875 0.0375 0.0265625
8 0.06015625 0.8 0.0390625 0.028125
8 0.059375 0.82421875 0.0375 0.028125
8 0.1359375 0.8 0.0375 0.03125
8 0.13515625 0.8234375 0.0375 0.03125
8 0.2109375 0.8015625 0.034375 0.03125
8 0.2109375 0.8234375 0.0375 0.028125
8 0.28515625 0.80078125 0.0359375 0.0296875
8 0.284375 0.825 0.034375 0.028125
8 0.35859375 0.8015625 0.0328125 0.028125
8 0.35859375 0.825 0.0328125 0.028125
8 0.43203125 0.80234375 0.0296875 0.0296875
8 0.43125 0.825 0.03125 0.028125
8 0.50625 0.803125 0.03125 0.028125
8 0.5046875 0.82734375 0.03125 0.0296875
8 0.57890625 0.80390625 0.0328125 0.0296875
8 0.57734375 0.828125 0.0296875 0.025
8 0.6515625 0.8046875 0.034375 0.03125
8 0.65234375 0.82890625 0.0328125 0.0265625
8 0.72734375 0.80546875 0.0359375 0.0296875
8 0.725 0.83046875 0.03125 0.0265625
8 0.80078125 0.80625 0.0359375 0.028125
8 0.7984375 0.8296875 0.034375 0.03125
8 0.875 0.8078125 0.0375 0.0296875
8 0.8734375 0.83046875 0.034375 0.0296875
8 0.95 0.80859375 0.040625 0.0296875
8 0.95 0.83203125 0.034375 0.0296875
8 0.94609375 0.87734375 0.040625 0.03125
8 0.9453125 0.9 0.034375 0.03125
8 0.87265625 0.87578125 0.0375 0.0296875
8 0.871875 0.8984375 0.0375 0.03125
8 0.7984375 0.875 0.034375 0.028125
8 0.7984375 0.8984375 0.034375 0.028125
8 0.72421875 0.87421875 0.0328125 0.0296875
8 0.7234375 0.8984375 0.034375 0.03125
8 0.65078125 0.87265625 0.0328125 0.0296875
8 0.65 0.896875 0.03125 0.025
8 0.5765625 0.871875 0.03125 0.028125
8 0.5765625 0.89609375 0.034375 0.0265625
8 0.50390625 0.8703125 0.0296875 0.028125
8 0.503125 0.89453125 0.028125 0.0296875
8 0.43125 0.8703125 0.03125 0.028125
8 0.4296875 0.89375 0.028125 0.028125
8 0.35703125 0.86953125 0.03125 0.0296875
8 0.35625 0.89296875 0.03125 0.0296875
8 0.28359375 0.86953125 0.0328125 0.0296875
8 0.2828125 0.89375 0.034375 0.028125
8 0.209375 0.86875 0.0375 0.03125
8 0.20859375 0.89296875 0.0359375 0.0296875
8 0.1359375 0.86953125 0.034375 0.0296875
8 0.13515625 0.89296875 0.0359375 0.0296875
8 0.0609375 0.86875 0.040625 0.03125
8 0.0609375 0.8921875 0.034375 0.028125