0 0.70546875 0.99296875 0.03203125 0.01328125
7 0.6890625 0.99375 0.01484375 0.0125
0 0.71015625 0.93359375 0.1046875 0.07421875
2 0.54375 0.3265625 0.04765625 0.0734375
2 0.45625 0.0109375 0.03984375 0.02109375
8 0.89453125 0.9921875 0.09296875 0.01484375
8 0.28203125 0.9 0.090625 0.07421875
8 0.3671875 0.89453125 0.090625 0.08046875
8 0.53125 0.8828125 0.0859375 0.07421875
8 0.615625 0.8796875 0.090625 0.075
8 0.76484375 0.87109375 0.09375 0.07421875
8 0.84765625 0.86640625 0.08984375 0.075
8 0.96484375 0.85625 0.0703125 0.06953125
8 0.93125 0.7203125 0.10078125 0.0703125
8 0.97734375 0.71875 0.0453125 0.071875
8 0.72421875 0.728125 0.09609375 0.071875
8 0.8 0.7265625 0.096875 0.071875
8 0.5015625 0.73984375 0.08671875 0.07265625
8 0.5765625 0.73515625 0.09296875 0.07421875
8 0.26953125 0.75 0.078125 0.071875
8 0.34921875 0.74609375 0.08203125 0.0765625
8 0.25 0.61328125 0.08125 0.071875
8 0.32734375 0.61328125 0.07890625 0.07578125
8 0.47734375 0.609375 0.08046875 0.075
8 0.54921875 0.6046875 0.084375 0.07734375
8 0.68359375 0.603125 0.08984375 0.07421875
8 0.76328125 0.5984375 0.0796875 0.0734375
8 0.88828125 0.59609375 0.09765625 0.07578125
8 0.959375 0.59140625 0.08125 0.07578125
8 0.84453125 0.48359375 0.0875 0.0703125
8 0.91328125 0.48125 0.08984375 0.07109375
8 0.6546875 0.484375 0.0828125 0.07265625
8 0.7265625 0.48203125 0.08359375 0.0765625
8 0.4484375 0.4890625 0.07734375 0.07578125
8 0.52109375 0.48359375 0.07734375 0.07578125
8 0.30703125 0.490625 0.0796875 0.07890625
8 0.23359375 0.48984375 0.0703125 0.075
8 0.2171875 0.37734375 0.07109375 0.0703125
8 0.290625 0.3765625 0.06875 0.071875
8 0.4234375 0.37734375 0.06796875 0.0703125
8 0.49765625 0.3765625 0.06875 0.0703125
8 0.62265625 0.3765625 0.0796875 0.06796875
8 0.6859375 0.37578125 0.08125 0.07265625
8 0.80859375 0.375 0.0859375 0.0703125
8 0.87421875 0.37265625 0.08515625 0.0734375
8 0.771875 0.27890625 0.08515625 0.06796875
8 0.8390625 0.278125 0.075 0.07421875
8 0.59296875 0.2765625 0.07578125 0.0671875
8 0.65703125 0.278125 0.07890625 0.0734375
8 0.40234375 0.2765625 0.06796875 0.07265625
8 0.46796875 0.275 0.07109375 0.0703125
8 0.27421875 0.275 0.06796875 0.07890625
8 0.20546875 0.27421875 0.07265625 0.07578125
8 0.1921875 0.17734375 0.06640625 0.07265625
8 0.25859375 0.17890625 0.06640625 0.07421875
8 0.38046875 0.18125 0.0671875 0.0703125
8 0.4484375 0.18125 0.06796875 0.06796875
8 0.56484375 0.1828125 0.06953125 0.0703125
8 0.63125 0.1828125 0.06875 0.07109375
8 0.74140625 0.18828125 0.07734375 0.06796875
8 0.803125 0.1859375 0.078125 0.07421875
8 0.71328125 0.10625 0.0703125 0.06953125
8 0.7671875 0.10234375 0.07421875 0.0703125
8 0.54140625 0.10078125 0.0671875 0.06328125
8 0.60390625 0.10078125 0.06640625 0.06796875
8 0.3640625 0.09375 0.06640625 0.065625
8 0.425 0.09609375 0.0671875 0.07421875
8 0.1796875 0.08671875 0.0671875 0.0703125
8 0.24609375 0.08828125 0.06328125 0.07734375
8 0.16953125 0.0203125 0.0546875 0.040625
8 0.23359375 0.02265625 0.06484375 0.0453125
8 0.34765625 0.0234375 0.0578125 0.046875
8 0.409375 0.025 0.0578125 0.04921875
8 0.51640625 0.025 0.0609375 0.05
8 0.57734375 0.028125 0.065625 0.05625
8 0.68359375 0.03046875 0.07578125 0.06015625
8 0.74296875 0.03046875 0.0671875 0.0609375