0 0.02890625 0.728125 0.0578125 0.1125
2 0.675 0.5484375 0.08125 0.053125
8 0.053125 0.2640625 0.08125 0.1
8 0.05859375 0.35703125 0.0875 0.0984375
8 0.071875 0.53515625 0.08125 0.0921875
8 0.07578125 0.6265625 0.0828125 0.1
8 0.084375 0.78828125 0.08125 0.1015625
8 0.0890625 0.87890625 0.08125 0.0984375
8 0.10078125 0.98359375 0.075 0.0328125
8 0.2484375 0.95703125 0.078125 0.0859375
8 0.2390625 0.74375 0.078125 0.10625
8 0.24140625 0.8265625 0.0765625 0.10625
8 0.2265625 0.50234375 0.078125 0.09375
8 0.23125 0.58359375 0.08125 0.1015625
8 0.215625 0.25 0.078125 0.084375
8 0.21953125 0.33671875 0.0828125 0.0890625
8 0.3640625 0.22890625 0.078125 0.0875
8 0.3640625 0.31328125 0.08125 0.0859375
8 0.36875 0.4765625 0.08125 0.0875
8 0.3734375 0.55390625 0.084375 0.0921875
8 0.375 0.7 0.08125 0.1
8 0.3796875 0.78671875 0.078125 0.0859375
8 0.3828125 0.92265625 0.08125 0.10625
8 0.3875 0.97734375 0.08125 0.0453125
8 0.5046875 0.875 0.078125 0.09375
8 0.5078125 0.95 0.078125 0.096875
8 0.50390625 0.66875 0.0796875 0.090625
8 0.50625 0.746875 0.08125 0.090625
8 0.4984375 0.44453125 0.08125 0.0828125
8 0.5046875 0.5234375 0.08125 0.084375
8 0.49765625 0.29140625 0.0859375 0.0859375
8 0.4984375 0.2109375 0.08125 0.078125
8 0.6203125 0.19375 0.078125 0.078125
8 0.62109375 0.2734375 0.078125 0.075
8 0.61953125 0.4171875 0.0765625 0.075
8 0.62109375 0.4984375 0.0765625 0.075
8 0.62109375 0.63359375 0.0734375 0.0859375
8 0.621875 0.70234375 0.078125 0.0875
8 0.62265625 0.83515625 0.0765625 0.0921875
8 0.625 0.90703125 0.08125 0.0921875
8 0.7265625 0.79609375 0.075 0.0921875
8 0.72734375 0.86875 0.0796875 0.08125
8 0.7296875 0.6015625 0.071875 0.08125
8 0.728125 0.67109375 0.08125 0.0859375
8 0.7296875 0.39453125 0.078125 0.0734375
8 0.73125 0.46640625 0.075 0.0765625
8 0.73125 0.25546875 0.084375 0.0734375
8 0.73203125 0.18046875 0.0828125 0.0796875
8 0.83671875 0.16640625 0.0796875 0.071875
8 0.83515625 0.2390625 0.0796875 0.071875
8 0.8328125 0.37109375 0.078125 0.0734375
8 0.8328125 0.44453125 0.075 0.0734375
8 0.83125 0.57109375 0.075 0.0765625
8 0.83125 0.64375 0.078125 0.075
8 0.82578125 0.7625 0.0734375 0.084375
8 0.82734375 0.8296875 0.0796875 0.084375
8 0.9140625 0.7328125 0.075 0.078125
8 0.91875 0.79140625 0.075 0.0796875
8 0.9203125 0.5453125 0.06875 0.071875
8 0.9203125 0.61328125 0.071875 0.0734375
8 0.928125 0.353125 0.071875 0.071875
8 0.92578125 0.41953125 0.0796875 0.0734375
8 0.93515625 0.153125 0.0765625 0.075
8 0.934375 0.225 0.084375 0.06875
8 0.9921875 0.1421875 0.015625 0.059375
8 0.990625 0.21015625 0.01875 0.0703125
8 0.98984375 0.334375 0.0203125 0.0625
8 0.9875 0.40234375 0.025 0.0640625
8 0.9875 0.51875 0.025 0.06875
8 0.984375 0.584375 0.03125 0.071875
8 0.98203125 0.7 0.0359375 0.08125
8 0.98203125 0.76328125 0.0359375 0.0734375