0 0.29140625 0.0578125 0.1078125 0.078125
2 0.46328125 0.68671875 0.05 0.0765625
8 0.1 0.00234375 0.096875 0.0046875
8 0.73515625 0.09296875 0.0953125 0.0765625
8 0.64609375 0.09765625 0.0953125 0.0828125
8 0.4765625 0.11015625 0.0875 0.0765625
8 0.3890625 0.1140625 0.09375 0.078125
8 0.234375 0.12265625 0.096875 0.0765625
8 0.1484375 0.1265625 0.09375 0.078125
8 0.03203125 0.1375 0.0640625 0.071875
8 0.06171875 0.27890625 0.1046875 0.0734375
8 0.01875 0.28046875 0.0375 0.0734375
8 0.2765625 0.2703125 0.1 0.075
8 0.19765625 0.27265625 0.1015625 0.0734375
8 0.5078125 0.25859375 0.090625 0.075
8 0.4296875 0.26328125 0.096875 0.0765625
8 0.7484375 0.24765625 0.08125 0.075
8 0.665625 0.2515625 0.084375 0.078125
8 0.76796875 0.3890625 0.0828125 0.075
8 0.6875 0.38984375 0.08125 0.078125
8 0.53203125 0.39375 0.0828125 0.078125
8 0.4578125 0.3984375 0.0875 0.08125
8 0.31875 0.4 0.09375 0.075
8 0.2359375 0.4046875 0.08125 0.075
8 0.10625 0.40703125 0.1 0.0796875
8 0.0375 0.41171875 0.075 0.078125
8 0.1515625 0.52421875 0.090625 0.0734375
8 0.08046875 0.5265625 0.0921875 0.075
8 0.3484375 0.5234375 0.084375 0.075
8 0.2734375 0.52578125 0.0875 0.0796875
8 0.5625 0.51875 0.08125 0.078125
8 0.48671875 0.52421875 0.0796875 0.0796875
8 0.70859375 0.5171875 0.0828125 0.08125
8 0.7859375 0.51796875 0.071875 0.078125
8 0.8015625 0.634375 0.075 0.075
8 0.72578125 0.63515625 0.0703125 0.075
8 0.58828125 0.634375 0.0703125 0.075
8 0.5109375 0.63515625 0.071875 0.0734375
8 0.38203125 0.63515625 0.0828125 0.0703125
8 0.31640625 0.6359375 0.0828125 0.075
8 0.1890625 0.63671875 0.090625 0.0734375
8 0.12109375 0.6390625 0.0890625 0.075
8 0.22734375 0.73671875 0.0890625 0.0703125
8 0.1578125 0.73671875 0.078125 0.0765625
8 0.4125 0.7390625 0.078125 0.06875
8 0.34609375 0.7375 0.0828125 0.075
8 0.61015625 0.7390625 0.0703125 0.075
8 0.54140625 0.740625 0.0734375 0.075
8 0.74296875 0.740625 0.0703125 0.08125
8 0.81484375 0.74140625 0.075 0.0796875
8 0.828125 0.84140625 0.06875 0.0765625
8 0.759375 0.83984375 0.06875 0.0765625
8 0.6328125 0.8375 0.06875 0.075
8 0.5625 0.8375 0.06875 0.071875
8 0.4421875 0.8359375 0.071875 0.071875
8 0.37265625 0.8359375 0.0703125 0.075
8 0.25859375 0.83046875 0.0796875 0.0703125
8 0.19453125 0.8328125 0.08125 0.078125
8 0.2875 0.915625 0.075 0.071875
8 0.23203125 0.91953125 0.0765625 0.0734375
8 0.465625 0.921875 0.06875 0.065625
8 0.4015625 0.92109375 0.06875 0.0703125
8 0.64921875 0.928125 0.06875 0.06875
8 0.58671875 0.9265625 0.0703125 0.078125
8 0.84140625 0.9359375 0.0703125 0.071875
8 0.77265625 0.934375 0.065625 0.08125
8 0.8515625 0.99140625 0.05625 0.0171875
8 0.78515625 0.98984375 0.0671875 0.0203125
8 0.6671875 0.9890625 0.059375 0.021875
8 0.60390625 0.9875 0.0609375 0.025
8 0.49140625 0.98671875 0.0640625 0.0265625
8 0.42890625 0.98359375 0.0671875 0.0328125
8 0.31875 0.98125 0.078125 0.0375
8 0.25703125 0.98125 0.0703125 0.0375