2 0.4765625 0.63046875 0.0375 0.05390625
2 0.4953125 0.25625 0.03828125 0.0546875
8 0.18671875 0.9828125 0.07109375 0.034375
8 0.246875 0.9828125 0.065625 0.034375
8 0.353125 0.97890625 0.071875 0.0421875
8 0.40546875 0.97734375 0.0796875 0.0453125
8 0.50859375 0.975 0.06953125 0.04921875
8 0.5640625 0.97265625 0.07109375 0.05390625
8 0.65625 0.96953125 0.06953125 0.0515625
8 0.70625 0.96953125 0.071875 0.05546875
8 0.19609375 0.8875 0.06484375 0.053125
8 0.25625 0.8828125 0.0671875 0.05
8 0.35703125 0.88125 0.0703125 0.05
8 0.41484375 0.87734375 0.0671875 0.05
8 0.51484375 0.878125 0.071875 0.053125
8 0.56640625 0.8734375 0.06796875 0.04765625
8 0.65859375 0.87265625 0.06796875 0.0484375
8 0.70859375 0.871875 0.071875 0.04921875
8 0.2015625 0.77890625 0.065625 0.05
8 0.26171875 0.77890625 0.06328125 0.046875
8 0.36640625 0.7796875 0.065625 0.046875
8 0.41875 0.7765625 0.06484375 0.05234375
8 0.51953125 0.77734375 0.071875 0.04609375
8 0.56875 0.771875 0.065625 0.05
8 0.66484375 0.778125 0.06953125 0.04609375
8 0.71015625 0.77578125 0.07265625 0.05234375
8 0.2140625 0.67421875 0.06015625 0.046875
8 0.26953125 0.6734375 0.0671875 0.0453125
8 0.37265625 0.67890625 0.0625 0.04609375
8 0.4265625 0.68046875 0.0765625 0.0453125
8 0.5234375 0.6828125 0.0671875 0.0421875
8 0.575 0.6796875 0.06796875 0.053125
8 0.6609375 0.68125 0.0765625 0.046875
8 0.715625 0.68359375 0.07421875 0.0515625
8 0.2140625 0.571875 0.0671875 0.0421875
8 0.27421875 0.57734375 0.06796875 0.0484375
8 0.37421875 0.5828125 0.0609375 0.04296875
8 0.4328125 0.58203125 0.06484375 0.04296875
8 0.52734375 0.5875 0.06953125 0.0453125
8 0.57734375 0.58828125 0.0703125 0.040625
8 0.66484375 0.59140625 0.0671875 0.04296875
8 0.71328125 0.5921875 0.07421875 0.0453125
8 0.21953125 0.47578125 0.065625 0.04921875
8 0.28046875 0.47734375 0.0609375 0.04921875
8 0.38203125 0.48203125 0.0625 0.04296875
8 0.43203125 0.4859375 0.06328125 0.03984375
8 0.5296875 0.48984375 0.06484375 0.0421875
8 0.575 0.49296875 0.0765625 0.046875
8 0.675 0.4984375 0.06796875 0.04609375
8 0.7203125 0.50390625 0.0625 0.03984375
8 0.2265625 0.371875 0.06484375 0.04921875
8 0.28125 0.378125 0.075 0.0421875
8 0.3828125 0.3859375 0.065625 0.04140625
8 0.4390625 0.39296875 0.0703125 0.0453125
8 0.53671875 0.39609375 0.0671875 0.04375
8 0.58203125 0.4015625 0.07265625 0.04375
8 0.6796875 0.40859375 0.06796875 0.046875
8 0.721875 0.4140625 0.0703125 0.04140625
8 0.23359375 0.27421875 0.05859375 0.053125
8 0.28828125 0.28046875 0.0609375 0.0484375
8 0.390625 0.28984375 0.06484375 0.04921875
8 0.4453125 0.29375 0.06328125 0.0453125
8 0.5390625 0.303125 0.065625 0.0453125
8 0.59140625 0.30703125 0.0609375 0.04296875
8 0.6765625 0.315625 0.0671875 0.04375
8 0.72734375 0.321875 0.05625 0.04765625
8 0.2375 0.17578125 0.06015625 0.05234375
8 0.29609375 0.18125 0.06015625 0.05
8 0.39375 0.19375 0.06484375 0.053125
8 0.45078125 0.2015625 0.05859375 0.0546875
8 0.5453125 0.2125 0.0609375 0.04921875
8 0.596875 0.2171875 0.05859375 0.04765625
8 0.68125 0.22734375 0.0625 0.046875
8 0.73359375 0.23125 0.0609375 0.046875
8 0.24140625 0.07421875 0.06328125 0.05390625
8 0.29765625 0.08359375 0.06484375 0.053125
8 0.40078125 0.09609375 0.0671875 0.05
8 0.45703125 0.1046875 0.06328125 0.0546875
8 0.54765625 0.11640625 0.06796875 0.0515625
8 0.5984375 0.121875 0.06015625 0.05234375
8 0.684375 0.13515625 0.071875 0.05
8 0.73671875 0.1421875 0.0625 0.05390625
8 0.3046875 0.00625 0.06640625 0.01171875
8 0.40625 0.01484375 0.06953125 0.02890625
8 0.46015625 0.01953125 0.06640625 0.0390625
8 0.55078125 0.025 0.0671875 0.05
8 0.603125 0.03046875 0.06484375 0.053125
8 0.69140625 0.046875 0.0625 0.05
8 0.7375 0.05078125 0.0671875 0.05703125