2 0.615625 0.46796875 0.05625 0.0390625
2 0.2234375 0.4875 0.05625 0.040625
8 0.98359375 0.1640625 0.0328125 0.075
8 0.98359375 0.22734375 0.0328125 0.06875
8 0.9796875 0.3390625 0.040625 0.075
8 0.97734375 0.3921875 0.0453125 0.084375
8 0.97578125 0.5015625 0.0484375 0.071875
8 0.9734375 0.559375 0.053125 0.075
8 0.971875 0.65625 0.053125 0.071875
8 0.97109375 0.7078125 0.0578125 0.075
8 0.8859375 0.17421875 0.05625 0.0671875
8 0.88046875 0.23671875 0.053125 0.0703125
8 0.87890625 0.3421875 0.0515625 0.075
8 0.875 0.403125 0.053125 0.06875
8 0.87578125 0.50859375 0.0546875 0.075
8 0.87109375 0.56171875 0.05 0.071875
8 0.86953125 0.65859375 0.0515625 0.071875
8 0.86953125 0.7109375 0.0515625 0.075
8 0.771875 0.1796875 0.053125 0.06875
8 0.771875 0.2421875 0.05 0.065625
8 0.77265625 0.35234375 0.0484375 0.0703125
8 0.76953125 0.40703125 0.0546875 0.0671875
8 0.7703125 0.51328125 0.046875 0.075
8 0.7640625 0.56484375 0.053125 0.0703125
8 0.77109375 0.66484375 0.0484375 0.0734375
8 0.76875 0.7125 0.05625 0.075
8 0.6625 0.1921875 0.05 0.0625
8 0.66171875 0.25 0.046875 0.06875
8 0.66640625 0.35859375 0.0484375 0.065625
8 0.66875 0.415625 0.046875 0.08125
8 0.67109375 0.5171875 0.0453125 0.071875
8 0.6671875 0.5703125 0.05625 0.071875
8 0.66953125 0.66171875 0.0484375 0.0796875
8 0.671875 0.71796875 0.053125 0.078125
8 0.5546875 0.1921875 0.04375 0.071875
8 0.56015625 0.25625 0.0515625 0.071875
8 0.565625 0.3609375 0.04375 0.065625
8 0.56484375 0.421875 0.0453125 0.06875
8 0.5703125 0.5203125 0.046875 0.071875
8 0.571875 0.5734375 0.04375 0.075
8 0.575 0.66484375 0.04375 0.0703125
8 0.57578125 0.715625 0.0484375 0.078125
8 0.453125 0.19765625 0.05 0.06875
8 0.45546875 0.26171875 0.0515625 0.0640625
8 0.46015625 0.36875 0.0453125 0.065625
8 0.4640625 0.42109375 0.040625 0.0671875
8 0.46796875 0.5234375 0.0453125 0.06875
8 0.471875 0.57109375 0.05 0.0796875
8 0.47734375 0.67578125 0.0484375 0.071875
8 0.48359375 0.7234375 0.0421875 0.065625
8 0.3453125 0.20625 0.053125 0.06875
8 0.3515625 0.26328125 0.04375 0.0796875
8 0.359375 0.36953125 0.04375 0.0703125
8 0.3671875 0.42890625 0.046875 0.0734375
8 0.3703125 0.53046875 0.046875 0.0703125
8 0.37578125 0.578125 0.0453125 0.075
8 0.38359375 0.68046875 0.0484375 0.071875
8 0.3890625 0.725 0.04375 0.075
8 0.2421875 0.2125 0.05625 0.0625
8 0.24921875 0.27109375 0.0515625 0.0640625
8 0.259375 0.37734375 0.05 0.0671875
8 0.26328125 0.43515625 0.0484375 0.0671875
8 0.27265625 0.53359375 0.0484375 0.06875
8 0.27734375 0.58828125 0.0453125 0.0640625
8 0.2859375 0.67734375 0.046875 0.0703125
8 0.2921875 0.73125 0.05 0.059375
8 0.1390625 0.2171875 0.053125 0.0625
8 0.14453125 0.27890625 0.053125 0.0625
8 0.1578125 0.38125 0.05625 0.06875
8 0.16640625 0.44140625 0.0578125 0.0609375
8 0.17734375 0.53984375 0.0515625 0.0640625
8 0.18203125 0.59375 0.05 0.0625
8 0.19296875 0.68203125 0.0484375 0.065625
8 0.19765625 0.7375 0.0484375 0.0625
8 0.0328125 0.22109375 0.05625 0.0671875
8 0.0421875 0.2796875 0.05625 0.06875
8 0.05546875 0.38828125 0.053125 0.0703125
8 0.06484375 0.446875 0.0578125 0.065625
8 0.0765625 0.5421875 0.053125 0.071875
8 0.0828125 0.59609375 0.053125 0.0640625
8 0.096875 0.6859375 0.053125 0.075
8 0.10390625 0.740625 0.05625 0.065625
8 0.00703125 0.6 0.0140625 0.06875
8 0.01484375 0.6921875 0.0296875 0.065625
8 0.01875 0.740625 0.0375 0.06875