2 0.49375 0.671875 0.040625 0.05625
2 0.47421875 0.27109375 0.0421875 0.0578125
8 0.79453125 0.9484375 0.0703125 0.05625
8 0.73046875 0.94296875 0.071875 0.0546875
8 0.621875 0.94140625 0.075 0.0546875
8 0.56015625 0.9375 0.071875 0.053125
8 0.45234375 0.9375 0.0765625 0.05625
8 0.39765625 0.9328125 0.0734375 0.05
8 0.29921875 0.93203125 0.0734375 0.0515625
8 0.2453125 0.93125 0.078125 0.053125
8 0.7890625 0.83125 0.071875 0.053125
8 0.72421875 0.83125 0.06875 0.05
8 0.6125 0.83203125 0.071875 0.05
8 0.55625 0.8296875 0.06875 0.05625
8 0.44765625 0.8296875 0.0765625 0.05
8 0.3953125 0.8234375 0.071875 0.053125
8 0.2921875 0.83046875 0.075 0.0484375
8 0.24375 0.828125 0.078125 0.05625
8 0.77578125 0.71953125 0.0640625 0.05
8 0.71640625 0.71875 0.071875 0.05
8 0.60546875 0.72421875 0.0671875 0.0484375
8 0.546875 0.7265625 0.08125 0.046875
8 0.44375 0.72890625 0.071875 0.0453125
8 0.3890625 0.725 0.071875 0.05625
8 0.29609375 0.72734375 0.0828125 0.05
8 0.23828125 0.7296875 0.0796875 0.053125
8 0.77578125 0.609375 0.071875 0.04375
8 0.7109375 0.615625 0.071875 0.053125
8 0.603125 0.62109375 0.065625 0.0453125
8 0.540625 0.6203125 0.06875 0.046875
8 0.43984375 0.62578125 0.0734375 0.0484375
8 0.3859375 0.62734375 0.075 0.04375
8 0.2921875 0.63046875 0.071875 0.0453125
8 0.240625 0.63125 0.08125 0.05
8 0.7703125 0.50625 0.071875 0.053125
8 0.7046875 0.5078125 0.065625 0.053125
8 0.5953125 0.51328125 0.065625 0.046875
8 0.54140625 0.5171875 0.06875 0.040625
8 0.4375 0.52109375 0.06875 0.0453125
8 0.38828125 0.525 0.0828125 0.05
8 0.28125 0.53046875 0.075 0.0484375
8 0.2328125 0.53671875 0.065625 0.0421875
8 0.76171875 0.3953125 0.0703125 0.053125
8 0.703125 0.40234375 0.08125 0.0453125
8 0.59453125 0.41015625 0.0703125 0.0453125
8 0.53359375 0.41796875 0.0765625 0.0484375
8 0.4296875 0.42109375 0.071875 0.0484375
8 0.38125 0.4265625 0.078125 0.046875
8 0.2765625 0.434375 0.071875 0.05
8 0.23125 0.440625 0.075 0.04375
8 0.7546875 0.290625 0.0625 0.05625
8 0.6953125 0.29765625 0.065625 0.0515625
8 0.5859375 0.30703125 0.06875 0.053125
8 0.52734375 0.31171875 0.0671875 0.0484375
8 0.4265625 0.32109375 0.071875 0.0484375
8 0.37109375 0.32578125 0.065625 0.0453125
8 0.2796875 0.33515625 0.071875 0.0484375
8 0.225 0.34140625 0.059375 0.0515625
8 0.75 0.18515625 0.0625 0.0546875
8 0.6875 0.190625 0.0625 0.053125
8 0.5828125 0.20390625 0.06875 0.0578125
8 0.52109375 0.2125 0.0625 0.059375
8 0.4203125 0.22421875 0.065625 0.053125
8 0.36484375 0.22890625 0.0640625 0.0515625
8 0.27421875 0.23984375 0.0671875 0.05
8 0.21796875 0.24453125 0.065625 0.05
8 0.74609375 0.07578125 0.0671875 0.0578125
8 0.6859375 0.0859375 0.06875 0.05625
8 0.575 0.09921875 0.071875 0.0546875
8 0.51484375 0.10859375 0.0671875 0.0578125
8 0.41796875 0.12109375 0.0734375 0.0546875
8 0.3625 0.12734375 0.065625 0.0546875
8 0.27109375 0.14140625 0.0765625 0.0546875
8 0.21484375 0.1484375 0.0671875 0.059375
8 0.678125 0.0046875 0.071875 0.009375
8 0.56953125 0.0140625 0.0734375 0.028125
8 0.51171875 0.01953125 0.0703125 0.0390625
8 0.41328125 0.025 0.0734375 0.05
8 0.3578125 0.02890625 0.06875 0.0578125
8 0.26328125 0.046875 0.0671875 0.053125
8 0.2140625 0.05 0.071875 0.0625