8 0.9609375 0.9765625 0.078125 0.046875
8 0.95859375 0.78984375 0.0828125 0.1046875
8 0.95703125 0.68515625 0.0859375 0.0984375
8 0.95625 0.46875 0.08125 0.10625
8 0.95390625 0.3640625 0.0859375 0.109375
8 0.76015625 0.365625 0.078125 0.10625
8 0.76171875 0.471875 0.078125 0.10625
8 0.76328125 0.6859375 0.075 0.103125
8 0.76484375 0.79609375 0.078125 0.1078125
8 0.76796875 0.98046875 0.078125 0.0390625
8 0.5734375 0.98046875 0.075 0.0390625
8 0.571875 0.79765625 0.078125 0.0984375
8 0.5703125 0.69140625 0.075 0.1015625
8 0.5703125 0.47578125 0.078125 0.1015625
8 0.56875 0.37109375 0.078125 0.1046875
8 0.37734375 0.37265625 0.075 0.1046875
8 0.37578125 0.47890625 0.078125 0.1015625
8 0.37734375 0.69296875 0.075 0.1046875
8 0.37890625 0.80078125 0.078125 0.1046875
8 0.37890625 0.98203125 0.078125 0.0359375
8 0.1828125 0.98515625 0.078125 0.0296875
8 0.1828125 0.80390625 0.078125 0.0984375
8 0.18125 0.69609375 0.078125 0.0984375
8 0.1828125 0.47734375 0.084375 0.0921875
8 0.1828125 0.37109375 0.084375 0.0953125
8 0.01484375 0.37265625 0.0296875 0.0921875
8 0.01640625 0.48046875 0.0328125 0.0984375
8 0.01640625 0.69609375 0.0328125 0.0984375
8 0.01640625 0.80390625 0.0328125 0.0984375
8 0.01640625 0.98671875 0.0328125 0.0265625
2 0.09453125 0.91484375 0.1109375 0.0515625
2 0.865625 0.90703125 0.1125 0.0484375