8 0.5078125 0.97890625 0.0484375 0.04140625
8 0.5578125 0.97890625 0.0484375 0.04140625
8 0.4046875 0.98046875 0.04609375 0.0390625
8 0.35390625 0.98125 0.046875 0.0375
8 0.25078125 0.9828125 0.04921875 0.034375
8 0.2 0.9828125 0.05 0.03359375
8 0.09609375 0.984375 0.05234375 0.03046875
8 0.04453125 0.98515625 0.0515625 0.02890625
8 0.0421875 0.9 0.05546875 0.04375
8 0.096875 0.89921875 0.05390625 0.046875
8 0.20078125 0.8953125 0.0515625 0.0453125
8 0.2515625 0.8953125 0.05078125 0.04609375
8 0.353125 0.89140625 0.04921875 0.04375
8 0.40390625 0.89140625 0.04921875 0.0453125
8 0.50546875 0.88984375 0.04921875 0.0453125
8 0.55625 0.88828125 0.0484375 0.04609375
8 0.5546875 0.7953125 0.04921875 0.04296875
8 0.50390625 0.79609375 0.046875 0.04140625
8 0.403125 0.79765625 0.046875 0.0421875
8 0.35234375 0.79921875 0.04765625 0.0421875
8 0.25078125 0.80078125 0.04921875 0.04140625
8 0.2 0.80234375 0.0515625 0.0421875
8 0.096875 0.8046875 0.0546875 0.0421875
8 0.04296875 0.80546875 0.05234375 0.04140625
8 0.04296875 0.7125 0.053125 0.0390625
8 0.09609375 0.7109375 0.05546875 0.0375
8 0.19921875 0.709375 0.04921875 0.0390625
8 0.25078125 0.70859375 0.0515625 0.0390625
8 0.35234375 0.70625 0.04765625 0.03828125
8 0.4015625 0.70546875 0.046875 0.0390625
8 0.50234375 0.70390625 0.05 0.03671875
8 0.55078125 0.703125 0.04921875 0.0390625
8 0.55 0.61328125 0.05 0.03671875
8 0.5 0.6140625 0.0484375 0.03671875
8 0.4015625 0.61484375 0.04765625 0.03515625
8 0.35078125 0.615625 0.04921875 0.03515625
8 0.25078125 0.6171875 0.046875 0.03671875
8 0.19921875 0.61796875 0.0515625 0.03671875
8 0.0953125 0.61875 0.0546875 0.03671875
8 0.04375 0.61953125 0.053125 0.03671875
8 0.04296875 0.528125 0.05390625 0.03515625
8 0.09609375 0.52890625 0.05234375 0.03515625
8 0.19765625 0.52734375 0.05 0.034375
8 0.25 0.52734375 0.04765625 0.034375
8 0.35 0.52578125 0.04609375 0.03515625
8 0.39921875 0.52578125 0.046875 0.03515625
8 0.4984375 0.52578125 0.04765625 0.0359375
8 0.54765625 0.52421875 0.0484375 0.0359375
8 0.546875 0.4359375 0.04765625 0.034375
8 0.49765625 0.43515625 0.046875 0.0359375
8 0.3984375 0.4359375 0.046875 0.034375
8 0.3484375 0.43671875 0.04921875 0.0359375
8 0.2484375 0.43671875 0.04921875 0.0359375
8 0.19765625 0.43671875 0.05 0.0359375
8 0.09453125 0.4375 0.0515625 0.0375
8 0.0421875 0.43671875 0.05 0.0375
8 0.040625 0.3453125 0.05078125 0.03984375
8 0.09296875 0.34453125 0.04921875 0.0375
8 0.19609375 0.34609375 0.0484375 0.03671875
8 0.24609375 0.34609375 0.04609375 0.0375
8 0.346875 0.34609375 0.04609375 0.0375
8 0.396875 0.34453125 0.04375 0.03671875
8 0.49765625 0.3453125 0.04296875 0.0390625
8 0.54765625 0.3453125 0.04453125 0.03828125
8 0.5453125 0.25546875 0.04140625 0.03984375
8 0.496875 0.2546875 0.04453125 0.04140625
8 0.39609375 0.25546875 0.04609375 0.040625
8 0.34609375 0.2546875 0.04609375 0.04140625
8 0.24453125 0.2546875 0.04609375 0.04140625
8 0.19453125 0.25390625 0.0484375 0.04140625
8 0.090625 0.253125 0.0515625 0.0421875
8 0.03984375 0.253125 0.05234375 0.040625
8 0.03671875 0.16171875 0.05390625 0.04296875
8 0.08984375 0.1625 0.05234375 0.04375
8 0.1921875 0.1625 0.05078125 0.0421875
8 0.24296875 0.16328125 0.04921875 0.04609375
8 0.34453125 0.1640625 0.0453125 0.04296875
8 0.39375 0.16328125 0.04453125 0.04140625
8 0.49296875 0.16484375 0.04609375 0.04375
8 0.54453125 0.16484375 0.04453125 0.04375
8 0.54296875 0.0734375 0.0453125 0.0453125
8 0.4921875 0.0734375 0.0453125 0.04375
8 0.3921875 0.0734375 0.04609375 0.04921875
8 0.3421875 0.0734375 0.0453125 0.04609375
8 0.24140625 0.071875 0.0484375 0.046875
8 0.18984375 0.07109375 0.05 0.04453125
8 0.0875 0.06953125 0.0515625 0.04453125
8 0.03671875 0.0703125 0.05078125 0.04609375
2 0.2953125 0.3046875 0.0234375 0.0515625
2 0.29921875 0.66171875 0.0234375 0.05