8 0.01796875 0.028125 0.0359375 0.05625
8 0.0203125 0.22109375 0.040625 0.1046875
8 0.021875 0.32578125 0.04375 0.0984375
8 0.021875 0.5453125 0.04375 0.109375
8 0.0234375 0.65078125 0.046875 0.1078125
8 0.19921875 0.64765625 0.0796875 0.1046875
8 0.19765625 0.54140625 0.0796875 0.1046875
8 0.19609375 0.32578125 0.0765625 0.1046875
8 0.19375 0.215625 0.078125 0.109375
8 0.190625 0.025 0.078125 0.05
8 0.38671875 0.025 0.0765625 0.05
8 0.38828125 0.2140625 0.0796875 0.096875
8 0.38984375 0.32109375 0.0765625 0.1015625
8 0.38984375 0.5375 0.0796875 0.103125
8 0.39140625 0.64296875 0.0796875 0.1046875
8 0.58359375 0.64140625 0.0765625 0.1046875
8 0.58515625 0.534375 0.0796875 0.103125
8 0.58359375 0.31875 0.0765625 0.10625
8 0.58203125 0.21015625 0.0796875 0.1046875
8 0.5828125 0.0234375 0.078125 0.046875
8 0.78046875 0.0203125 0.0796875 0.040625
8 0.7796875 0.20703125 0.078125 0.0984375
8 0.78125 0.315625 0.078125 0.1
8 0.7796875 0.5359375 0.084375 0.090625
8 0.7796875 0.64296875 0.084375 0.0953125
8 0.9671875 0.64140625 0.065625 0.0921875
8 0.965625 0.5328125 0.06875 0.096875
8 0.965625 0.315625 0.06875 0.1
8 0.965625 0.20703125 0.06875 0.0984375
8 0.965625 0.01796875 0.06875 0.0359375
2 0.86875 0.0953125 0.1125 0.053125
2 0.0921875 0.10390625 0.1125 0.0484375