8 0.965625 0.959375 0.06875 0.08125
8 0.7765625 0.95625 0.1 0.08125
8 0.675 0.9546875 0.09375 0.08125
8 0.4671875 0.9515625 0.103125 0.078125
8 0.3671875 0.95 0.103125 0.08125
8 0.36875 0.7640625 0.1 0.075
8 0.4703125 0.765625 0.1 0.075
8 0.675 0.7671875 0.1 0.071875
8 0.7796875 0.76875 0.103125 0.075
8 0.96875 0.771875 0.0625 0.075
8 0.96875 0.5859375 0.0625 0.071875
8 0.78125 0.584375 0.09375 0.075
8 0.6796875 0.5828125 0.096875 0.071875
8 0.4734375 0.5828125 0.096875 0.075
8 0.3734375 0.58125 0.1 0.075
8 0.375 0.3984375 0.1 0.071875
8 0.4765625 0.396875 0.096875 0.075
8 0.68125 0.3984375 0.1 0.071875
8 0.784375 0.4 0.1 0.075
8 0.9703125 0.4 0.059375 0.075
8 0.9734375 0.2125 0.053125 0.075
8 0.7875 0.2125 0.09375 0.075
8 0.684375 0.2109375 0.09375 0.075
8 0.475 0.2125 0.0875 0.08125
8 0.3734375 0.2125 0.090625 0.08125
8 0.375 0.0328125 0.0875 0.065625
8 0.478125 0.034375 0.09375 0.06875
8 0.684375 0.034375 0.09375 0.06875
8 0.7875 0.034375 0.09375 0.06875
8 0.975 0.034375 0.05 0.06875
2 0.89375 0.128125 0.05 0.10625
2 0.8859375 0.865625 0.046875 0.10625