8 0.49765625 0.9859375 0.0484375 0.028125
8 0.44609375 0.9859375 0.0484375 0.028125
8 0.60234375 0.98671875 0.0484375 0.0265625
8 0.6546875 0.9875 0.046875 0.025
8 0.76015625 0.9890625 0.0515625 0.021875
8 0.8125 0.98984375 0.05 0.0203125
8 0.91796875 0.99140625 0.053125 0.0171875
8 0.97109375 0.9921875 0.0515625 0.015625
8 0.97265625 0.91171875 0.0546875 0.0453125
8 0.9171875 0.9109375 0.053125 0.046875
8 0.8109375 0.9078125 0.053125 0.046875
8 0.759375 0.90703125 0.05 0.046875
8 0.65546875 0.90390625 0.05 0.0453125
8 0.60390625 0.903125 0.0515625 0.046875
8 0.5 0.9015625 0.05 0.046875
8 0.44765625 0.90078125 0.0484375 0.046875
8 0.45 0.80546875 0.05 0.04375
8 0.5015625 0.80625 0.046875 0.04375
8 0.6046875 0.8078125 0.046875 0.04375
8 0.65625 0.80859375 0.05 0.0421875
8 0.76015625 0.8109375 0.0515625 0.040625
8 0.81171875 0.8125 0.0515625 0.04375
8 0.9171875 0.81484375 0.05625 0.0421875
8 0.971875 0.815625 0.053125 0.04375
8 0.97265625 0.7203125 0.0546875 0.040625
8 0.91875 0.71875 0.05625 0.0375
8 0.8125 0.71796875 0.05 0.0390625
8 0.76015625 0.71640625 0.0515625 0.0390625
8 0.65625 0.7140625 0.05 0.040625
8 0.60625 0.71328125 0.046875 0.0390625
8 0.503125 0.71171875 0.05 0.0375
8 0.45390625 0.7109375 0.0515625 0.040625
8 0.4546875 0.61953125 0.05 0.0359375
8 0.5046875 0.61953125 0.05 0.0375
8 0.60625 0.62109375 0.05 0.0359375
8 0.6578125 0.62109375 0.05 0.0359375
8 0.76015625 0.62265625 0.0484375 0.0375
8 0.8125 0.62421875 0.053125 0.0375
8 0.91875 0.625 0.05625 0.0375
8 0.971875 0.62578125 0.053125 0.0359375
8 0.971875 0.53203125 0.05625 0.0359375
8 0.91796875 0.5328125 0.0546875 0.034375
8 0.8140625 0.53125 0.05 0.034375
8 0.76015625 0.53125 0.0484375 0.034375
8 0.65859375 0.5296875 0.0484375 0.0375
8 0.60859375 0.5296875 0.0484375 0.034375
8 0.50625 0.5296875 0.05 0.0375
8 0.45703125 0.528125 0.0484375 0.0375
8 0.4578125 0.4375 0.046875 0.034375
8 0.5078125 0.4375 0.046875 0.0375
8 0.60859375 0.43828125 0.0484375 0.0359375
8 0.66015625 0.4390625 0.05 0.0375
8 0.7625 0.4390625 0.05 0.0375
8 0.81484375 0.4390625 0.0515625 0.0375
8 0.91953125 0.43984375 0.053125 0.0390625
8 0.9734375 0.43828125 0.05 0.0390625
8 0.975 0.3453125 0.05 0.040625
8 0.921875 0.3453125 0.05 0.0375
8 0.815625 0.34609375 0.05 0.0359375
8 0.76484375 0.34609375 0.046875 0.0390625
8 0.66171875 0.34609375 0.046875 0.0390625
8 0.61015625 0.3453125 0.0453125 0.0375
8 0.5078125 0.34609375 0.04375 0.0390625
8 0.45703125 0.34609375 0.0453125 0.0390625
8 0.45859375 0.25390625 0.0421875 0.040625
8 0.509375 0.253125 0.04375 0.04375
8 0.61171875 0.25390625 0.046875 0.0421875
8 0.6625 0.253125 0.046875 0.04375
8 0.76640625 0.253125 0.0484375 0.04375
8 0.81796875 0.25234375 0.0484375 0.0421875
8 0.9234375 0.2515625 0.053125 0.04375
8 0.975 0.25078125 0.05 0.0421875
8 0.97578125 0.15859375 0.0484375 0.04375
8 0.92421875 0.15859375 0.0546875 0.0453125
8 0.81953125 0.15859375 0.0515625 0.0421875
8 0.76796875 0.16015625 0.05 0.046875
8 0.66484375 0.16015625 0.0453125 0.04375
8 0.6140625 0.16015625 0.046875 0.0421875
8 0.5125 0.1609375 0.046875 0.04375
8 0.46015625 0.16171875 0.0453125 0.0453125
8 0.4609375 0.06796875 0.046875 0.046875
8 0.51328125 0.06796875 0.046875 0.0453125
8 0.615625 0.06796875 0.046875 0.05
8 0.66640625 0.06796875 0.046875 0.046875
8 0.76953125 0.06640625 0.0484375 0.0484375
8 0.821875 0.065625 0.05 0.04375
8 0.92734375 0.0640625 0.0515625 0.046875
8 0.9765625 0.0640625 0.046875 0.046875
2 0.71484375 0.30390625 0.0234375 0.0515625
2 0.7109375 0.66875 0.021875 0.05