8 0.0171875 0.04453125 0.034375 0.0609375
8 0.01875 0.10390625 0.0375 0.059375
8 0.0203125 0.21875 0.040625 0.05625
8 0.0203125 0.275 0.040625 0.05625
8 0.021875 0.38828125 0.04375 0.0546875
8 0.02265625 0.44375 0.0453125 0.053125
8 0.0234375 0.55546875 0.046875 0.0546875
8 0.02421875 0.6125 0.0484375 0.053125
8 0.125 0.61015625 0.046875 0.0546875
8 0.12421875 0.5546875 0.0453125 0.053125
8 0.12265625 0.44296875 0.046875 0.0515625
8 0.12109375 0.38671875 0.046875 0.0515625
8 0.11953125 0.275 0.0453125 0.05625
8 0.1171875 0.21875 0.046875 0.05625
8 0.11484375 0.1046875 0.046875 0.059375
8 0.1140625 0.0453125 0.046875 0.059375
8 0.21640625 0.0453125 0.0421875 0.059375
8 0.21875 0.10390625 0.040625 0.0609375
8 0.2203125 0.21796875 0.04375 0.0546875
8 0.22109375 0.275 0.0421875 0.05625
8 0.2234375 0.38671875 0.04375 0.053125
8 0.225 0.44140625 0.04375 0.0515625
8 0.2265625 0.553125 0.040625 0.05625
8 0.22734375 0.60625 0.0421875 0.05625
8 0.3265625 0.60546875 0.040625 0.0546875
8 0.32578125 0.55078125 0.040625 0.053125
8 0.325 0.44140625 0.0375 0.0515625
8 0.32421875 0.38515625 0.0390625 0.0546875
8 0.32265625 0.275 0.040625 0.05
8 0.32109375 0.21796875 0.040625 0.05625
8 0.3203125 0.103125 0.040625 0.059375
8 0.31953125 0.04609375 0.0390625 0.0578125
8 0.4203125 0.0453125 0.0375 0.059375
8 0.41953125 0.10390625 0.0390625 0.0578125
8 0.421875 0.21640625 0.0375 0.0546875
8 0.421875 0.27421875 0.0375 0.053125
8 0.4234375 0.384375 0.040625 0.05
8 0.4234375 0.4390625 0.040625 0.053125
8 0.4234375 0.54921875 0.040625 0.0515625
8 0.425 0.603125 0.040625 0.053125
8 0.52265625 0.60234375 0.0390625 0.0515625
8 0.5234375 0.54765625 0.040625 0.0515625
8 0.52265625 0.43828125 0.0390625 0.0515625
8 0.52109375 0.3828125 0.0390625 0.053125
8 0.521875 0.271875 0.040625 0.053125
8 0.52109375 0.21640625 0.0390625 0.0546875
8 0.52109375 0.10234375 0.0421875 0.0578125
8 0.521875 0.04453125 0.040625 0.0546875
8 0.62265625 0.04296875 0.04375 0.05625
8 0.6234375 0.1 0.040625 0.053125
8 0.621875 0.21484375 0.040625 0.053125
8 0.621875 0.2703125 0.040625 0.05
8 0.621875 0.38125 0.04375 0.05
8 0.6234375 0.43671875 0.040625 0.0484375
8 0.62265625 0.5484375 0.0421875 0.046875
8 0.62265625 0.603125 0.0421875 0.05
8 0.721875 0.60078125 0.04375 0.0453125
8 0.72265625 0.546875 0.0453125 0.05
8 0.721875 0.43515625 0.04375 0.0515625
8 0.72265625 0.38046875 0.0453125 0.0515625
8 0.72265625 0.26796875 0.0453125 0.0515625
8 0.7234375 0.2125 0.046875 0.053125
8 0.72421875 0.09765625 0.046875 0.0578125
8 0.72421875 0.04140625 0.0453125 0.0578125
8 0.825 0.03828125 0.046875 0.0609375
8 0.825 0.09765625 0.05 0.0578125
8 0.825 0.2109375 0.046875 0.05625
8 0.8234375 0.26640625 0.05 0.0546875
8 0.8234375 0.378125 0.046875 0.05
8 0.8234375 0.4328125 0.046875 0.05
8 0.82265625 0.54296875 0.0484375 0.0515625
8 0.821875 0.59921875 0.046875 0.0484375
8 0.92265625 0.5984375 0.0515625 0.05
8 0.9234375 0.54140625 0.046875 0.05
8 0.9234375 0.43125 0.053125 0.05
8 0.92265625 0.3765625 0.0515625 0.05
8 0.925 0.26484375 0.05 0.053125
8 0.92578125 0.2078125 0.0484375 0.053125
8 0.92734375 0.09453125 0.0484375 0.0578125
8 0.92734375 0.03828125 0.0515625 0.05625
2 0.66796875 0.32421875 0.05625 0.0265625
2 0.27265625 0.328125 0.0546875 0.025