8 0.025 0.91171875 0.05 0.0828125
8 0.2046875 0.90703125 0.1 0.0796875
8 0.3078125 0.90546875 0.09375 0.0828125
8 0.515625 0.90234375 0.1 0.0765625
8 0.61484375 0.89921875 0.1046875 0.0828125
8 0.61484375 0.715625 0.1046875 0.075
8 0.5109375 0.715625 0.096875 0.075
8 0.30625 0.71875 0.096875 0.071875
8 0.203125 0.71875 0.103125 0.071875
8 0.021875 0.721875 0.04375 0.078125
8 0.021875 0.5359375 0.04375 0.071875
8 0.2 0.534375 0.096875 0.075
8 0.3015625 0.5328125 0.09375 0.071875
8 0.5078125 0.5328125 0.096875 0.071875
8 0.61015625 0.5296875 0.1015625 0.071875
8 0.60859375 0.34765625 0.0984375 0.0734375
8 0.50625 0.34609375 0.1 0.0765625
8 0.3015625 0.34765625 0.09375 0.0734375
8 0.1984375 0.35078125 0.1 0.0765625
8 0.0203125 0.35078125 0.040625 0.0734375
8 0.0171875 0.16171875 0.034375 0.0796875
8 0.1953125 0.16171875 0.09375 0.0796875
8 0.2984375 0.16015625 0.0875 0.0765625
8 0.50625 0.16171875 0.0875 0.0796875
8 0.60859375 0.16171875 0.0921875 0.0796875
8 0.2953125 0.009375 0.09375 0.01875
8 0.1953125 0.009375 0.09375 0.01875
2 0.08828125 0.07734375 0.05 0.1046875
2 0.09609375 0.81640625 0.046875 0.1046875