8 0.90625 0.9734375 0.08125 0.053125
8 0.9015625 0.79375 0.078125 0.1
8 0.9 0.690625 0.08125 0.09375
8 0.896875 0.484375 0.075 0.1
8 0.89375 0.3859375 0.08125 0.103125
8 0.7109375 0.3859375 0.075 0.103125
8 0.7109375 0.4890625 0.075 0.096875
8 0.7140625 0.6921875 0.071875 0.096875
8 0.7140625 0.7953125 0.071875 0.103125
8 0.7171875 0.9765625 0.078125 0.046875
8 0.5328125 0.9765625 0.071875 0.046875
8 0.53125 0.7984375 0.075 0.096875
8 0.5296875 0.696875 0.071875 0.09375
8 0.5296875 0.4921875 0.071875 0.096875
8 0.5265625 0.390625 0.071875 0.1
8 0.3453125 0.3921875 0.071875 0.096875
8 0.34375 0.49375 0.075 0.1
8 0.3453125 0.696875 0.071875 0.09375
8 0.3484375 0.8 0.075 0.1
8 0.3484375 0.978125 0.071875 0.04375
8 0.1609375 0.98125 0.078125 0.0375
8 0.1609375 0.803125 0.078125 0.09375
8 0.159375 0.7 0.075 0.0875
8 0.1609375 0.49375 0.078125 0.0875
8 0.1609375 0.3921875 0.078125 0.090625
8 0.009375 0.703125 0.01875 0.09375
8 0.009375 0.803125 0.01875 0.09375
2 0.0765625 0.909375 0.103125 0.05
2 0.8109375 0.9015625 0.103125 0.046875