8 0.08671875 0.01953125 0.0828125 0.0390625
8 0.0921875 0.196875 0.08125 0.103125
8 0.09375 0.303125 0.084375 0.096875
8 0.096875 0.51640625 0.078125 0.103125
8 0.1 0.61796875 0.084375 0.10625
8 0.2890625 0.61796875 0.078125 0.10625
8 0.2890625 0.5109375 0.078125 0.1
8 0.28515625 0.3015625 0.0734375 0.1
8 0.28515625 0.1953125 0.0734375 0.10625
8 0.28203125 0.01640625 0.0796875 0.0328125
8 0.47265625 0.01640625 0.0734375 0.0328125
8 0.47421875 0.1921875 0.0765625 0.1
8 0.47578125 0.296875 0.0734375 0.096875
8 0.47578125 0.5078125 0.0734375 0.1
8 0.47890625 0.61328125 0.0734375 0.103125
8 0.66640625 0.6109375 0.0734375 0.1
8 0.66796875 0.50625 0.0765625 0.103125
8 0.66640625 0.296875 0.0734375 0.096875
8 0.66328125 0.190625 0.0765625 0.103125
8 0.66328125 0.01484375 0.0734375 0.0296875
8 0.85703125 0.01171875 0.0796875 0.0234375
8 0.85625 0.18671875 0.08125 0.096875
8 0.8578125 0.29375 0.078125 0.090625
8 0.85625 0.50625 0.08125 0.090625
8 0.85625 0.6109375 0.08125 0.09375
2 0.94375 0.07734375 0.10625 0.0515625
2 0.18515625 0.08515625 0.10625 0.0484375