8 0.7765625 0.040625 0.103125 0.08125
8 0.6671875 0.04375 0.103125 0.0875
8 0.45 0.046875 0.103125 0.09375
8 0.3375 0.0515625 0.109375 0.09375
8 0.11875 0.0640625 0.109375 0.09375
8 0.034375 0.0671875 0.06875 0.090625
8 0.1328125 0.2578125 0.1125 0.090625
8 0.0390625 0.2609375 0.078125 0.090625
8 0.3515625 0.25 0.109375 0.090625
8 0.4625 0.246875 0.109375 0.09375
8 0.68125 0.2359375 0.10625 0.09375
8 0.7921875 0.23125 0.10625 0.09375
8 0.80625 0.4265625 0.10625 0.0875
8 0.69375 0.43125 0.10625 0.0875
8 0.475 0.4421875 0.10625 0.084375
8 0.3625 0.44375 0.10625 0.084375
8 0.8203125 0.628125 0.103125 0.084375
8 0.709375 0.63125 0.103125 0.078125
8 0.484375 0.640625 0.10625 0.08125
8 0.3734375 0.64375 0.10625 0.08125
8 0.140625 0.4546875 0.1125 0.0875
8 0.04375 0.45625 0.0875 0.0875
8 0.0484375 0.6578125 0.096875 0.078125
8 0.1515625 0.6546875 0.11875 0.084375
8 0.053125 0.859375 0.10625 0.08125
8 0.1640625 0.8546875 0.11875 0.084375
8 0.3859375 0.846875 0.109375 0.084375
8 0.4984375 0.8421875 0.103125 0.08125
8 0.7234375 0.834375 0.103125 0.078125
8 0.834375 0.8296875 0.1 0.075
2 0.2609375 0.746875 0.059375 0.109375