8 0.2109375 0.02890625 0.10625 0.0578125
8 0.325 0.03203125 0.10625 0.0640625
8 0.55 0.03515625 0.10625 0.0703125
8 0.6671875 0.03671875 0.1125 0.0734375
8 0.8921875 0.04375 0.1125 0.0875
8 0.97109375 0.0453125 0.0578125 0.090625
8 0.87578125 0.240625 0.1171875 0.09375
8 0.96640625 0.24375 0.0671875 0.09375
8 0.65 0.23203125 0.1125 0.0921875
8 0.53515625 0.22890625 0.1140625 0.096875
8 0.309375 0.21796875 0.109375 0.096875
8 0.1953125 0.21328125 0.109375 0.096875
8 0.18046875 0.41484375 0.109375 0.090625
8 0.296875 0.41953125 0.109375 0.090625
8 0.52265625 0.43046875 0.109375 0.0859375
8 0.6390625 0.43203125 0.109375 0.0890625
8 0.16640625 0.62265625 0.10625 0.0859375
8 0.28046875 0.62578125 0.1078125 0.0796875
8 0.51328125 0.63515625 0.109375 0.0828125
8 0.62734375 0.6390625 0.109375 0.084375
8 0.86796875 0.44375 0.1171875 0.090625
8 0.9609375 0.4453125 0.078125 0.090625
8 0.95625 0.653125 0.0875 0.08125
8 0.85625 0.65 0.121875 0.0875
8 0.9515625 0.8609375 0.096875 0.084375
8 0.84375 0.85625 0.121875 0.0875
8 0.61484375 0.8484375 0.1140625 0.084375
8 0.4984375 0.84375 0.10625 0.084375
8 0.26640625 0.83515625 0.10625 0.0828125
8 0.1515625 0.83046875 0.103125 0.0765625
2 0.74375 0.7453125 0.0625 0.109375