8 0.01328125 0.175 0.0265625 0.109375
8 0.01640625 0.2921875 0.0328125 0.109375
8 0.0203125 0.525 0.040625 0.109375
8 0.021875 0.6453125 0.04375 0.115625
8 0.028125 0.87890625 0.05625 0.1171875
8 0.0296875 0.96484375 0.059375 0.0703125
8 0.21484375 0.86171875 0.096875 0.1203125
8 0.21796875 0.96015625 0.096875 0.0796875
8 0.20703125 0.628125 0.0953125 0.115625
8 0.203125 0.51015625 0.1 0.1171875
8 0.19140625 0.2765625 0.1 0.1125
8 0.18671875 0.15859375 0.1 0.1140625
8 0.3953125 0.14296875 0.09375 0.1140625
8 0.4 0.26328125 0.09375 0.1140625
8 0.41171875 0.496875 0.0890625 0.1125
8 0.41328125 0.61640625 0.0921875 0.1140625
8 0.61015625 0.128125 0.0890625 0.109375
8 0.61328125 0.246875 0.0828125 0.1125
8 0.6234375 0.48671875 0.0875 0.1140625
8 0.6265625 0.6046875 0.0875 0.1125
8 0.425 0.853125 0.09375 0.11875
8 0.4265625 0.9546875 0.09375 0.090625
8 0.64140625 0.95 0.0828125 0.1
8 0.63828125 0.84140625 0.0890625 0.1265625
8 0.85625 0.9453125 0.0875 0.109375
8 0.8515625 0.828125 0.090625 0.1265625
8 0.84296875 0.59140625 0.0890625 0.1171875
8 0.83828125 0.471875 0.0859375 0.109375
8 0.8296875 0.23203125 0.084375 0.1109375
8 0.825 0.11328125 0.08125 0.1078125
2 0.73671875 0.725 0.1140625 0.0625