8 0.02109375 0.3015625 0.0421875 0.190625
8 0.46328125 0.1328125 0.225 0.209375
8 0.4578125 0.30703125 0.228125 0.1859375
8 0.44765625 0.6609375 0.2421875 0.171875
8 0.43515625 0.8421875 0.2421875 0.184375
8 0.94296875 0.31484375 0.1140625 0.1953125
8 0.94609375 0.66484375 0.1078125 0.1703125
8 0.94375 0.84921875 0.1125 0.1828125
0 0.79140625 0.48671875 0.26875 0.1984375
0 0.5796875 0.49375 0.046875 0.059375
7 0.57890625 0.5234375 0.05625 0.025
7 0.5796875 0.46171875 0.053125 0.0171875
6 0.15625 0.95078125 0.0625 0.0359375
7 0.1140625 0.9484375 0.046875 0.053125
7 0.2015625 0.95 0.046875 0.053125
1 0.1671875 0.853125 0.05 0.0875
6 0.16484375 0.74453125 0.0734375 0.0359375
7 0.12109375 0.74375 0.0453125 0.053125
7 0.21484375 0.74609375 0.0484375 0.0515625
7 0.12421875 0.67421875 0.0421875 0.0515625
7 0.21875 0.675 0.046875 0.05
7 0.13125 0.60390625 0.05 0.0484375
7 0.21640625 0.60546875 0.0546875 0.0515625
6 0.16640625 0.67421875 0.0703125 0.0359375
6 0.1765625 0.60390625 0.059375 0.0515625
3 0.1734375 0.4765625 0.15 0.140625
1 0.1859375 0.29921875 0.13125 0.0546875
7 0.10625 0.303125 0.03125 0.06875
7 0.2625 0.30546875 0.05625 0.0640625
4 0.17578125 0.10859375 0.2234375 0.1890625
8 0.0296875 0.13125 0.059375 0.215625
8 0.94140625 0.14765625 0.1171875 0.2265625