8 0.0296875 0.3515625 0.05859375 0.17421875
8 0.4421875 0.19765625 0.2046875 0.1890625
8 0.43828125 0.35625 0.20703125 0.16953125
8 0.42890625 0.67890625 0.22109375 0.15703125
8 0.4171875 0.84375 0.21953125 0.1671875
8 0.91328125 0.3625 0.1734375 0.178125
8 0.9171875 0.6828125 0.165625 0.15546875
8 0.91484375 0.85 0.1703125 0.16640625
0 0.74140625 0.5203125 0.24453125 0.1796875
0 0.54921875 0.5265625 0.0421875 0.053125
7 0.54765625 0.553125 0.05078125 0.02265625
7 0.54921875 0.49765625 0.05 0.01484375
6 0.16328125 0.9421875 0.05703125 0.03203125
7 0.125 0.940625 0.04296875 0.0484375
7 0.2046875 0.9421875 0.04296875 0.04765625
1 0.1734375 0.85390625 0.0453125 0.08125
6 0.17109375 0.75546875 0.06640625 0.03359375
7 0.13203125 0.7546875 0.04140625 0.04765625
7 0.2171875 0.75625 0.0453125 0.04609375
7 0.134375 0.690625 0.0375 0.04609375
7 0.2203125 0.69140625 0.04140625 0.0453125
7 0.140625 0.6265625 0.04453125 0.04453125
7 0.21875 0.628125 0.04921875 0.04609375
6 0.17265625 0.690625 0.0640625 0.03203125
6 0.18203125 0.6265625 0.0546875 0.04609375
3 0.17890625 0.5109375 0.1359375 0.12890625
1 0.190625 0.35 0.11875 0.04921875
7 0.11796875 0.35234375 0.028125 0.0625
7 0.26015625 0.3546875 0.0515625 0.05859375
4 0.18125 0.17578125 0.20234375 0.17265625
0 0.19765625 0.03203125 0.1328125 0.0640625
7 0.278125 0.03828125 0.0421875 0.05234375
8 0.0375 0.196875 0.075 0.196875
8 0.9125 0.21171875 0.175 0.20703125