8 0.9703125 0.6484375 0.059375 0.175
8 0.5578125 0.80234375 0.203125 0.1890625
8 0.56171875 0.64375 0.2078125 0.16875
8 0.57109375 0.32109375 0.2203125 0.1578125
8 0.5828125 0.15625 0.21875 0.16875
8 0.08671875 0.6375 0.1734375 0.178125
8 0.0828125 0.3171875 0.165625 0.15625
8 0.08515625 0.15 0.1703125 0.165625
0 0.25859375 0.4796875 0.2453125 0.178125
0 0.45078125 0.4734375 0.0421875 0.053125
7 0.45234375 0.446875 0.0515625 0.021875
7 0.45078125 0.50234375 0.05 0.0140625
6 0.83671875 0.0578125 0.0578125 0.03125
7 0.875 0.059375 0.04375 0.05
7 0.7953125 0.0578125 0.040625 0.046875
1 0.8265625 0.14609375 0.046875 0.08125
6 0.82890625 0.24453125 0.0671875 0.0328125
7 0.86796875 0.2453125 0.0421875 0.046875
7 0.7828125 0.24375 0.046875 0.046875
7 0.865625 0.309375 0.0375 0.046875
7 0.7796875 0.30859375 0.040625 0.0453125
7 0.859375 0.3734375 0.04375 0.04375
7 0.78125 0.371875 0.05 0.046875
6 0.82734375 0.309375 0.0640625 0.03125
6 0.81796875 0.3734375 0.0546875 0.046875
3 0.82109375 0.4890625 0.1359375 0.128125
1 0.809375 0.65 0.11875 0.05
7 0.88203125 0.64765625 0.028125 0.0625
7 0.73984375 0.6453125 0.0515625 0.059375
4 0.81875 0.82421875 0.203125 0.1734375
0 0.80234375 0.96796875 0.1328125 0.0640625
7 0.721875 0.96171875 0.04375 0.0515625
8 0.9625 0.803125 0.075 0.196875
8 0.0875 0.78828125 0.175 0.2078125