8 0.26875 0.0234375 0.1625 0.046875
8 0.2765625 0.30390625 0.17890625 0.15546875
8 0.28828125 0.94453125 0.1953125 0.1109375
8 0.28125 0.68984375 0.1859375 0.1390625
8 0.28203125 0.553125 0.19375 0.14453125
8 0.64921875 0.01796875 0.1484375 0.0359375
8 0.67734375 0.28984375 0.1515625 0.15703125
8 0.70390625 0.53828125 0.1703125 0.14609375
8 0.70859375 0.67421875 0.178125 0.13671875
8 0.73515625 0.93984375 0.1875 0.1203125
8 0.278125 0.18125 0.171875 0.17890625
8 0.6703125 0.15703125 0.15859375 0.15703125