8 0.05234375 0.3234375 0.1046875 0.425
8 0.2578125 0.35078125 0.303125 0.4171875
8 0.85078125 0.40078125 0.2984375 0.3921875
0 0.5390625 0.87109375 0.35 0.2578125
0 0.5421875 0.62109375 0.103125 0.0859375
7 0.48125 0.61953125 0.0375 0.1046875
7 0.58515625 0.62890625 0.0390625 0.1078125
7 0.17578125 0.0109375 0.0890625 0.021875
7 0.2984375 0.01875 0.0875 0.0375
7 0.41171875 0.021875 0.0890625 0.04375
7 0.9453125 0.096875 0.109375 0.109375
1 0.9546875 0.03515625 0.090625 0.0703125
3 0.61953125 0.03984375 0.2765625 0.0796875