8 0.8984375 0.76484375 0.203125 0.15
8 0.66640625 0.76796875 0.221875 0.1375
8 0.896875 0.43828125 0.20625 0.1375
8 0.65390625 0.44921875 0.2484375 0.1078125
8 0.66640625 0.44140625 0.2484375 0.1703125
8 0.9015625 0.10859375 0.196875 0.1890625
8 0.66640625 0.10625 0.2484375 0.16875
8 0.178125 0.1046875 0.265625 0.1625
8 0.01953125 0.1078125 0.0390625 0.171875
8 0.19140625 0.45078125 0.2515625 0.1375
8 0.02578125 0.4484375 0.0515625 0.15625
8 0.19453125 0.76796875 0.2453125 0.14375
8 0.0296875 0.77109375 0.059375 0.1234375
2 0.40234375 0.29375 0.2015625 0.196875