8 0.23828125 0.89609375 0.1546875 0.2078125
8 0.23515625 0.6578125 0.140625 0.228125
8 0.5734375 0.89375 0.140625 0.2125
8 0.56171875 0.64453125 0.1109375 0.2546875
8 0.5703125 0.6578125 0.175 0.253125
8 0.9078125 0.89921875 0.184375 0.2015625
8 0.9125 0.6578125 0.175 0.2546875
8 0.915625 0.15625 0.16875 0.271875
8 0.9125 0.00703125 0.175 0.0140625
8 0.56015625 0.16953125 0.140625 0.2578125
8 0.5640625 0.01328125 0.159375 0.0265625
8 0.23515625 0.17265625 0.1484375 0.2515625
8 0.23046875 0.01640625 0.1265625 0.0328125
2 0.72109375 0.3859375 0.2015625 0.209375