8 0.89765625 0.9140625 0.19375 0.171875
8 0.5765625 0.91171875 0.2 0.1765625
8 0.90546875 0.5234375 0.1890625 0.165625
8 0.596875 0.47578125 0.2 0.184375
8 0.16171875 0.90703125 0.2015625 0.1859375
8 0.18828125 0.4109375 0.2015625 0.215625
8 0.2234375 0.01015625 0.2 0.0203125
8 0.61328125 0.065625 0.1890625 0.13125
8 0.9203125 0.1265625 0.159375 0.171875
1 0.609375 0.2703125 0.04375 0.109375
7 0.59921875 0.33125 0.0484375 0.06875
3 0.47734375 0.23515625 0.1171875 0.1375
6 0.33203125 0.21171875 0.0328125 0.0703125
6 0.27578125 0.19921875 0.0328125 0.075
6 0.1171875 0.1625 0.0375 0.08125
7 0.1125 0.20703125 0.04375 0.0390625
7 0.115625 0.11953125 0.040625 0.021875
7 0.271875 0.24140625 0.0375 0.0390625
7 0.27421875 0.15703125 0.0390625 0.025
7 0.32890625 0.25234375 0.0375 0.0359375
7 0.33046875 0.17109375 0.0390625 0.0265625
6 0.3828125 0.2265625 0.040625 0.028125
7 0.38125 0.26328125 0.040625 0.04375
7 0.384375 0.1890625 0.0375 0.046875
0 0.84296875 0.32265625 0.0484375 0.1046875
4 0.74609375 0.290625 0.1515625 0.171875
7 0.671875 0.2921875 0.046875 0.171875
7 0.815625 0.3828125 0.040625 0.028125
7 0.60546875 0.21328125 0.0359375 0.03125
0 0.43515625 0.57109375 0.053125 0.04375
7 0.4078125 0.56796875 0.01875 0.0453125
0 0.45859375 0.73984375 0.1890625 0.2171875
8 0.325 0.90625 0.19375 0.1875
8 0.3484375 0.428125 0.196875 0.1875
8 0.37421875 0.02890625 0.1890625 0.0578125
8 0.734375 0.0765625 0.18125 0.153125
8 0.71875 0.4859375 0.165625 0.165625
8 0.70546875 0.91015625 0.1765625 0.1796875
8 0.95390625 0.915625 0.0921875 0.16875
8 0.96015625 0.5359375 0.0796875 0.15625
8 0.9703125 0.153125 0.059375 0.16875