8 0.1296875 0.11640625 0.1625 0.17421875
8 0.1234375 0.40625 0.184375 0.1796875
8 0.4859375 0.10859375 0.1484375 0.17109375
8 0.528125 0.38671875 0.16640625 0.17890625
8 0.11796875 0.778125 0.2125 0.18203125
8 0.5859375 0.7546875 0.19453125 0.18125
8 0.96875 0.72265625 0.0625 0.17890625
8 0.91875 0.371875 0.16171875 0.1703125
8 0.8421875 0.090625 0.1546875 0.153125
1 0.7125 0.37578125 0.09765625 0.0390625
7 0.6578125 0.384375 0.0625 0.04296875
3 0.74453125 0.49453125 0.12421875 0.10546875
6 0.765625 0.625 0.0640625 0.02890625
6 0.7765625 0.67578125 0.0671875 0.03046875
6 0.81015625 0.81796875 0.07421875 0.0328125
7 0.76875 0.821875 0.03515625 0.03828125
7 0.8484375 0.81953125 0.01953125 0.03671875
7 0.73828125 0.67890625 0.03515625 0.03203125
7 0.8140625 0.6765625 0.021875 0.0359375
7 0.72890625 0.628125 0.0328125 0.03359375
7 0.8015625 0.6265625 0.02421875 0.034375
6 0.7515625 0.5796875 0.0265625 0.0359375
7 0.71953125 0.58046875 0.03984375 0.0359375
7 0.78515625 0.57734375 0.0421875 0.0359375
0 0.665625 0.16484375 0.09453125 0.04453125
4 0.69375 0.25234375 0.15390625 0.1359375
7 0.69296875 0.31953125 0.15390625 0.04140625
7 0.61171875 0.18984375 0.02578125 0.03671875
7 0.7640625 0.37890625 0.028125 0.03203125
0 0.4421875 0.53203125 0.0390625 0.0484375
7 0.44453125 0.55703125 0.0421875 0.0171875
0 0.28984375 0.5109375 0.19609375 0.17109375
8 0.1203125 0.63203125 0.209375 0.1734375
8 0.5703125 0.61015625 0.16953125 0.1765625
8 0.9515625 0.58671875 0.096875 0.1703125
8 0.9046875 0.26328125 0.171875 0.1640625
8 0.51875 0.27734375 0.15 0.1484375
8 0.13046875 0.2890625 0.1765625 0.15859375
8 0.125 0.053125 0.165625 0.10625
8 0.47421875 0.04765625 0.140625 0.0953125
8 0.81796875 0.03828125 0.15 0.0765625