8 0.890625 0.10703125 0.16875 0.1796875
8 0.896875 0.40625 0.190625 0.1875
8 0.52265625 0.09921875 0.1546875 0.1765625
8 0.47890625 0.3859375 0.171875 0.184375
8 0.896875 0.78984375 0.20625 0.1875
8 0.41953125 0.765625 0.2015625 0.1875
8 0.02890625 0.7328125 0.0578125 0.184375
8 0.0796875 0.37109375 0.159375 0.1765625
8 0.1546875 0.08046875 0.159375 0.1578125
1 0.2890625 0.375 0.1 0.040625
7 0.3453125 0.384375 0.065625 0.04375
3 0.25546875 0.49765625 0.128125 0.1078125
6 0.234375 0.63203125 0.065625 0.0296875
6 0.22265625 0.684375 0.0703125 0.03125
6 0.18828125 0.83125 0.0765625 0.034375
7 0.23046875 0.8359375 0.0359375 0.040625
7 0.1484375 0.8328125 0.021875 0.0375
7 0.2625 0.6875 0.0375 0.034375
7 0.18359375 0.68515625 0.0234375 0.0359375
7 0.271875 0.63515625 0.034375 0.034375
7 0.19609375 0.63359375 0.025 0.0359375
6 0.24765625 0.58515625 0.0265625 0.0359375
7 0.28203125 0.5859375 0.040625 0.0375
7 0.21328125 0.5828125 0.04375 0.0375
0 0.3375 0.15703125 0.1 0.0453125
4 0.3078125 0.24765625 0.159375 0.1390625
7 0.309375 0.31640625 0.159375 0.0421875
7 0.39296875 0.1828125 0.0265625 0.0375
7 0.2359375 0.378125 0.028125 0.03125
0 0.56796875 0.5359375 0.040625 0.05
7 0.56484375 0.56171875 0.0421875 0.0171875
0 0.725 0.5140625 0.203125 0.178125
8 0.89609375 0.6390625 0.2078125 0.178125
8 0.4359375 0.6171875 0.175 0.184375
8 0.0453125 0.59296875 0.090625 0.1765625
8 0.090625 0.25859375 0.178125 0.16875
8 0.4890625 0.2734375 0.153125 0.153125
8 0.88984375 0.28515625 0.1828125 0.1640625
8 0.8953125 0.0484375 0.171875 0.096875
8 0.53515625 0.04296875 0.1453125 0.0859375
8 0.1796875 0.03359375 0.1546875 0.0671875