8 0.571875 0.49453125 0.328125 0.3390625
8 0.52734375 0.06015625 0.3015625 0.1203125
0 0.3953125 0.765625 0.071875 0.09375
0 0.13515625 0.71953125 0.2703125 0.3296875
7 0.8609375 0.5359375 0.109375 0.078125
7 0.803125 0.1390625 0.065625 0.06875
7 0.40078125 0.81328125 0.0953125 0.0421875
7 0.95 0.91953125 0.0875 0.071875
3 0.9453125 0.7359375 0.109375 0.1984375
1 0.93359375 0.51484375 0.1328125 0.0796875
0 0.9140625 0.103125 0.171875 0.125
4 0.90078125 0.27578125 0.1984375 0.2578125
7 0.871875 0.4046875 0.25625 0.10625