8 0.15 0.78515625 0.14375 0.15625
8 0.0953125 0.52421875 0.1625 0.15625
8 0.06171875 0.1859375 0.1234375 0.178125
8 0.4546875 0.175 0.1875 0.184375
8 0.4734375 0.5203125 0.159375 0.165625
8 0.49609375 0.78125 0.146875 0.15625
8 0.828125 0.7703125 0.15 0.153125
8 0.86484375 0.5140625 0.1515625 0.159375
8 0.89453125 0.16796875 0.1859375 0.1671875
0 0.56015625 0.3875 0.034375 0.04375
0 0.71015625 0.409375 0.1796875 0.1625
6 0.2203125 0.06875 0.059375 0.03125
6 0.24140625 0.21953125 0.05625 0.03125
6 0.25 0.26875 0.059375 0.03125
7 0.20859375 0.215625 0.0421875 0.040625
7 0.275 0.21484375 0.05 0.0375
7 0.18828125 0.06796875 0.04375 0.04375
7 0.25625 0.0671875 0.046875 0.046875
7 0.21171875 0.1625 0.0234375 0.021875
7 0.20703125 0.12421875 0.0328125 0.025
7 0.2734375 0.1421875 0.040625 0.025
7 0.2359375 0.503125 0.046875 0.04375
7 0.33203125 0.5 0.0546875 0.040625
7 0.3609375 0.69453125 0.03125 0.0328125
7 0.25390625 0.69921875 0.0171875 0.0265625
7 0.55703125 0.3640625 0.046875 0.01875
5 0.23671875 0.1453125 0.040625 0.065625
7 0.21875 0.26640625 0.0375 0.0359375
7 0.22578125 0.3140625 0.0453125 0.034375
7 0.2890625 0.31171875 0.0421875 0.0359375
3 0.2640625 0.40078125 0.109375 0.0953125
1 0.2828125 0.509375 0.09375 0.0375
0 0.30390625 0.71171875 0.0890625 0.059375
4 0.290625 0.62734375 0.140625 0.1265625
7 0.29609375 0.5625 0.1890625 0.053125
8 0.1703125 0.8703125 0.146875 0.153125
8 0.49609375 0.8640625 0.1359375 0.146875
8 0.81875 0.853125 0.125 0.15
8 0.84609375 0.61015625 0.15625 0.1609375
8 0.4890625 0.6234375 0.159375 0.15
8 0.1140625 0.62265625 0.171875 0.1671875
8 0.0734375 0.31796875 0.146875 0.1796875
8 0.4640625 0.31015625 0.16875 0.1671875
8 0.8828125 0.29921875 0.178125 0.1703125