8 0.58671875 0.46171875 0.3171875 0.3296875
8 0.54296875 0.0484375 0.2921875 0.096875
0 0.41484375 0.725 0.0703125 0.090625
0 0.146875 0.6796875 0.29375 0.321875
6 0.98671875 0.96015625 0.0265625 0.0609375
7 0.86796875 0.5015625 0.1078125 0.078125
7 0.81171875 0.11484375 0.0640625 0.0671875
7 0.4203125 0.771875 0.09375 0.040625
7 0.9546875 0.875 0.084375 0.06875
3 0.9484375 0.696875 0.103125 0.19375
1 0.93671875 0.48203125 0.1265625 0.0765625
0 0.91796875 0.0796875 0.1640625 0.121875
4 0.9046875 0.2484375 0.190625 0.25
7 0.8765625 0.375 0.246875 0.103125