8 0.4375 0.4828125 0.296875 0.309375
8 0.478125 0.0703125 0.275 0.140625
0 0.5984375 0.7296875 0.065625 0.084375
0 0.85625 0.6875 0.2875 0.3
6 0.0375 0.95 0.075 0.05625
7 0.01875 0.5140625 0.0375 0.078125
7 0.1734375 0.5203125 0.1 0.071875
7 0.2265625 0.1578125 0.059375 0.0625
7 0.0265625 0.1484375 0.03125 0.053125
7 0.59375 0.7734375 0.0875 0.0375
7 0.009375 0.8671875 0.01875 0.065625
7 0.0921875 0.8703125 0.078125 0.065625
3 0.0734375 0.703125 0.146875 0.18125
1 0.084375 0.5015625 0.16875 0.071875
0 0.1203125 0.125 0.165625 0.1125
4 0.1140625 0.2828125 0.228125 0.234375
7 0.140625 0.4015625 0.28125 0.096875