8 0.1671875 0.24375 0.134375 0.1453125
8 0.11640625 0.48671875 0.15234375 0.1453125
8 0.07109375 0.803125 0.14140625 0.16484375
8 0.4515625 0.8125 0.17421875 0.171875
8 0.46875 0.49140625 0.14765625 0.15390625
8 0.48984375 0.24765625 0.13671875 0.1453125
8 0.79921875 0.2578125 0.1390625 0.14375
8 0.83359375 0.496875 0.14140625 0.1484375
8 0.86171875 0.81953125 0.17421875 0.15546875
0 0.54921875 0.61484375 0.03203125 0.04140625
0 0.68984375 0.59453125 0.1671875 0.15
6 0.2328125 0.91171875 0.05625 0.0296875
6 0.25234375 0.771875 0.05234375 0.02890625
6 0.26015625 0.72578125 0.05546875 0.02890625
7 0.22109375 0.775 0.03984375 0.0375
7 0.28359375 0.77578125 0.0453125 0.03515625
7 0.20234375 0.91328125 0.040625 0.04140625
7 0.26640625 0.91328125 0.0421875 0.04296875
7 0.22421875 0.82421875 0.02265625 0.01953125
7 0.2203125 0.86015625 0.0296875 0.02265625
7 0.28203125 0.84375 0.03671875 0.02265625
7 0.24765625 0.50703125 0.04296875 0.03984375
7 0.33671875 0.51015625 0.05 0.03671875
7 0.36328125 0.32890625 0.02890625 0.03125
7 0.26328125 0.32421875 0.01484375 0.02578125
7 0.546875 0.63671875 0.04375 0.01796875
5 0.24765625 0.840625 0.0375 0.0625
7 0.23046875 0.728125 0.03359375 0.0328125
7 0.2375 0.68359375 0.04296875 0.03203125
7 0.29609375 0.68515625 0.03984375 0.0328125
3 0.2734375 0.60234375 0.10078125 0.08984375
1 0.290625 0.5015625 0.0875 0.03515625
0 0.31015625 0.3125 0.0828125 0.05546875
4 0.2984375 0.39140625 0.13203125 0.11796875
7 0.303125 0.4515625 0.17578125 0.0484375
8 0.1859375 0.16484375 0.13671875 0.1421875
8 0.48984375 0.1703125 0.128125 0.1375
8 0.790625 0.18046875 0.1171875 0.140625
8 0.81640625 0.40703125 0.1453125 0.15078125
8 0.48359375 0.39453125 0.15 0.1390625
8 0.13359375 0.3953125 0.1609375 0.15703125
8 0.08203125 0.6796875 0.16328125 0.1671875
8 0.46015625 0.6875 0.15625 0.15546875
8 0.85 0.696875 0.165625 0.15859375