8 0.24765625 0.85234375 0.1484375 0.1390625
8 0.496875 0.9046875 0.15 0.15625
8 0.82109375 0.9390625 0.1703125 0.121875
8 0.83125 0.56015625 0.175 0.1796875
8 0.5015625 0.5421875 0.159375 0.153125
8 0.25078125 0.5203125 0.1484375 0.140625
8 0.26171875 0.20234375 0.1484375 0.1421875
8 0.50703125 0.1671875 0.153125 0.14375
8 0.83828125 0.1390625 0.159375 0.178125
0 0.628125 0.459375 0.04375 0.03125
0 0.60703125 0.315625 0.1546875 0.171875
6 0.9328125 0.784375 0.03125 0.059375
6 0.7890625 0.76484375 0.028125 0.0546875
6 0.7421875 0.75625 0.028125 0.05625
7 0.7921875 0.79609375 0.0375 0.0421875
7 0.79375 0.73203125 0.0375 0.0453125
7 0.934375 0.815625 0.04375 0.04375
7 0.934375 0.75 0.04375 0.04375
7 0.84296875 0.79375 0.0203125 0.0234375
7 0.88046875 0.79765625 0.0234375 0.0296875
7 0.86328125 0.73359375 0.0234375 0.0390625
7 0.5171875 0.76953125 0.040625 0.0453125
7 0.5203125 0.678125 0.0375 0.05
7 0.334375 0.65 0.03125 0.03125
7 0.3296875 0.753125 0.025 0.015625
7 0.65078125 0.4625 0.0171875 0.04375
5 0.86015625 0.76953125 0.0640625 0.0390625
7 0.74453125 0.78671875 0.0328125 0.034375
7 0.6984375 0.7796875 0.034375 0.04375
7 0.70078125 0.71953125 0.034375 0.040625
3 0.615625 0.74296875 0.09375 0.103125
1 0.51171875 0.725 0.0359375 0.090625
0 0.3171875 0.7046875 0.05625 0.084375
4 0.3984375 0.7171875 0.121875 0.134375
7 0.46015625 0.7125 0.05 0.18125
8 0.165625 0.8328125 0.146875 0.140625
8 0.171875 0.5203125 0.140625 0.13125
8 0.18203125 0.21171875 0.1453125 0.1203125
8 0.41484375 0.18515625 0.1546875 0.1484375
8 0.4015625 0.52734375 0.140625 0.1546875
8 0.403125 0.8859375 0.1625 0.165625
8 0.69453125 0.928125 0.171875 0.14375
8 0.70234375 0.5515625 0.159375 0.159375
8 0.7125 0.15 0.1625 0.16875